1,22,19,70
2,18,63,77
3,48,36,95
4,15,44,39
5,39,44,2
6,74,7,74
7,5,68,85
8,51,37,50
9,50,83,74
10,43,78,68
11,82,79,60
12,42,72,79
13,12,34,100
14,81,2,1
15,53,29,90
16,74,10,70
17,64,68,24
18,57,27,84
19,97,3,56
20,38,42,5
21,17,65,98
22,95,81,43
23,50,35,75
24,16,31,16
25,10,18,31
26,88,12,50
27,97,48,86
28,50,44,91
29,51,5,33
30,99,60,87
31,6,81,68
32,69,41,52
33,68,62,27
34,62,27,79
35,19,18,33
36,6,1,57
37,47,79,12
38,10,29,11
39,78,31,71
40,5,21,16
41,20,52,20
42,34,19,56
43,47,56,32
44,75,99,26
45,64,64,52
46,82,77,53
47,55,98,59
48,63,76,33
49,62,12,78
50,32,55,28
51,58,34,62
52,61,21,97
53,24,3,54
54,78,72,80
55,100,73,9
56,76,17,53
57,89,20,44
58,46,99,54
59,100,50,76
60,17,34,72
61,9,84,79
62,33,98,82
63,43,38,69
64,58,3,30
65,94,19,8
66,39,60,40
67,18,99,33
68,2,31,58
69,56,22,93
70,72,17,9
71,42,38,11
72,27,69,54
73,3,78,89
74,1,36,10
75,2,70,20
76,97,48,62
77,98,83,19
78,70,53,66
79,41,48,30
80,45,60,48
81,1,67,6
82,31,24,79
83,99,55,39
84,35,49,35
85,46,84,43
86,65,51,53
87,77,70,77
88,80,64,46
89,25,57,57
90,94,48,1
91,7,88,67
92,79,81,38
93,10,12,31
94,73,71,21
95,60,54,67
96,42,92,96
97,91,70,26
98,51,32,25
99,91,83,97
100,66,45,45
101,35,82,87
102,69,27,24
103,93,29,49
104,46,71,43
105,78,79,16
106,1,36,20
107,3,63,93
108,14,36,12
109,78,99,73
110,44,30,56
111,95,34,93
112,92,5,96
113,16,53,47
114,61,90,20
115,34,48,42
116,32,79,41
117,11,70,26
118,30,13,74
119,27,60,20
120,47,60,18
121,92,96,67
122,55,1,60
123,24,72,24
124,21,26,54
125,99,85,86
126,22,40,86
127,44,76,20
128,44,50,74
129,29,53,36
130,70,86,54
131,90,19,100
132,2,34,89
133,53,91,13
134,11,31,60
135,5,40,45
136,68,52,5
137,40,74,44
138,81,71,33
139,94,55,92
140,31,92,90
141,34,92,68
142,60,12,96
143,67,29,86
144,75,55,53
145,61,95,12
146,92,56,97
147,22,98,78
148,87,89,90
149,77,15,56
150,31,43,14
151,59,23,1
152,60,81,1
153,59,45,56
154,45,42,76
155,52,96,54
156,8,5,32
157,81,82,90
158,70,86,36
159,39,25,92
160,65,8,31
161,71,68,21
162,93,34,17
163,95,6,5
164,25,70,6
165,85,96,74
166,86,10,92
167,29,48,22
168,45,84,79
169,9,68,97
170,66,6,50
171,62,38,77
172,80,42,80
173,90,29,30
174,91,23,90
175,16,48,34
176,46,88,22
177,80,88,91
178,2,64,61
179,17,38,93
180,51,23,19
181,1,71,7
182,29,82,100
183,36,64,8
184,86,83,2
185,98,90,37
186,35,6,19
187,34,42,92
188,71,28,95
189,32,62,12
190,95,77,29
191,44,8,9
192,29,46,68
193,8,32,91
194,32,79,22
195,72,31,8
196,42,48,14
197,25,10,1
198,42,39,37
199,91,38,100
200,91,34,26
201,67,16,10
202,92,50,14
203,14,29,49
204,94,74,3
205,70,50,43
206,59,18,86
207,62,79,42
208,40,21,19
209,96,50,22
210,97,2,23
211,74,62,7
212,1,61,92
213,23,99,39
214,21,37,4
215,41,59,96
216,42,98,61
217,3,24,5
218,60,65,3
219,98,41,73
220,3,38,25
221,94,83,19
222,59,8,99
223,82,55,95
224,61,94,86
225,47,90,92
226,65,59,78
227,22,62,90
228,61,61,64
229,45,22,45
230,15,91,62
231,46,89,44
232,56,22,23
233,7,26,6
234,89,29,83
235,91,13,44
236,65,86,18
237,87,19,14
238,61,53,51
239,50,92,72
240,48,47,21
241,93,33,69
242,85,16,83
243,7,3,8
244,22,77,23
245,6,3,91
246,13,75,58
247,28,35,33
248,14,12,27
249,75,78,46
250,91,56,21
251,25,57,10
252,81,47,3
253,11,31,49
254,31,23,25
255,99,30,97
256,56,50,8
257,77,50,25
258,7,83,9
259,69,6,94
260,90,97,63
261,14,67,93
262,51,40,18
263,53,44,17
264,94,10,15
265,21,65,14
266,68,62,89
267,35,34,15
268,90,8,40
269,88,9,28
270,8,35,89
271,34,17,33
272,61,76,52
273,75,88,37
274,80,84,73
275,27,76,50
276,61,26,14
277,56,26,14
278,100,68,39
279,1,5,29
280,60,8,100
281,91,51,96
282,90,98,63
283,1,39,99
284,43,40,35
285,45,34,95
286,84,81,65
287,78,45,40
288,17,63,97
289,88,74,54
290,41,95,74
291,56,28,79
292,78,45,73
293,78,13,75
294,35,3,92
295,53,7,48
296,41,13,30
297,63,82,100
298,72,22,15
299,79,54,5
300,31,82,5
301,57,49,58
302,69,65,30
303,25,50,87
304,81,96,19
305,35,99,67
306,67,81,24
307,32,74,60
308,19,56,85
309,68,51,30
310,45,100,58
311,88,33,2
312,12,45,77
313,70,96,42
314,5,83,5
315,38,51,82
316,56,7,19
317,84,9,49
318,93,51,37
319,23,45,91
320,23,1,57
321,23,67,16
322,94,26,64
323,52,15,64
324,8,23,20
325,73,75,72
326,94,35,37
327,57,78,32
328,81,17,23
329,47,76,93
330,96,98,34
331,85,38,77
332,8,48,86
333,81,31,70
334,87,44,63
335,75,58,53
336,44,10,59
337,94,21,55
338,23,18,82
339,67,92,15
340,59,48,72
341,56,48,40
342,92,80,93
343,49,48,51
344,29,70,47
345,53,38,89
346,86,84,47
347,84,25,6
348,61,82,13
349,10,48,91
350,60,75,65
351,48,11,20
352,60,75,10
353,65,80,65
354,5,52,56
355,56,41,90
356,50,55,79
357,17,99,48
358,5,80,94
359,47,91,20
360,100,45,98
361,12,18,83
362,59,82,5
363,14,84,43
364,42,39,16
365,55,4,86
366,59,88,84
367,65,9,2
368,55,64,78
369,98,85,73
370,68,15,71
371,3,56,59
372,29,7,2
373,52,66,29
374,7,37,86
375,8,4,68
376,8,22,96
377,21,47,82
378,82,28,4
379,94,3,20
380,47,75,87
381,38,29,45
382,25,3,77
383,63,11,89
384,79,96,2
385,53,14,84
386,95,64,15
387,31,11,84
388,7,6,31
389,38,57,30
390,91,81,15
391,98,76,29
392,86,24,67
393,60,39,51
394,50,100,72
395,39,31,52
396,60,48,49
397,61,46,14
398,69,75,8
399,56,61,93
400,30,96,90
401,73,47,32
402,54,74,13
403,64,51,95
404,57,55,31
405,7,1,70
406,3,20,46
407,52,42,94
408,41,63,31
409,98,9,45
410,58,82,32
411,3,13,24
412,43,43,87
413,9,98,40
414,15,81,24
415,83,22,90
416,93,65,65
417,52,39,34
418,17,2,56
419,31,81,67
420,45,16,22
421,39,58,61
422,48,99,62
423,70,61,24
424,49,81,82
425,27,30,21
426,24,2,86
427,36,88,83
428,83,51,47
429,82,77,76
430,11,14,30
431,34,6,54
432,36,25,20
433,42,17,12
434,81,18,13
435,64,39,61
436,98,13,30
437,71,43,49
438,9,56,79
439,95,71,70
440,77,54,2
441,8,86,3
442,96,33,67
443,14,84,91
444,51,83,96
445,46,13,18
446,52,42,94
447,35,95,92
448,46,86,99
449,64,43,72
450,21,60,74
451,84,65,83
452,97,27,81
453,28,90,53
454,3,42,74
455,49,41,1
456,1,26,34
457,26,75,55
458,17,71,31
459,90,88,99
460,82,4,48
461,34,91,53
462,64,5,86
463,79,67,35
464,94,15,50
465,75,29,96
466,55,44,64
467,82,7,1
468,96,35,4
469,51,90,66
470,20,94,97
471,41,52,4
472,10,46,44
473,87,50,68
474,54,23,9
475,85,69,88
476,98,50,77
477,87,21,6
478,77,80,29
479,99,41,18
480,49,28,52
481,57,54,15
482,76,73,15
483,79,4,89
484,10,45,28
485,12,17,61
486,39,43,18
487,45,96,16
488,50,12,80
489,70,36,72
490,7,62,41
491,54,76,100
492,35,89,68
493,22,23,93
494,18,2,28
495,71,82,99
496,91,77,79
497,74,34,15
498,88,8,49
499,26,51,45
500,81,54,71
501,93,60,48
502,91,94,2
503,38,95,8
504,38,73,35
505,71,21,59
506,20,96,42
507,49,10,38
508,77,1,88
509,6,96,80
510,21,84,30
511,88,87,4
512,21,45,42
513,18,96,14
514,49,77,8
515,68,12,51
516,100,2,10
517,39,55,67
518,26,54,61
519,10,38,6
520,32,65,23
521,68,50,57
522,29,17,70
523,58,67,20
524,29,25,18
525,31,34,24
526,63,78,98
527,66,80,56
528,1,32,95
529,66,93,81
530,15,44,31
531,73,61,39
532,39,84,84
533,66,18,9
534,45,25,42
535,71,23,1
536,20,34,32
537,26,89,8
538,25,27,100
539,5,14,59
540,38,16,61
541,8,40,63
542,56,35,83
543,90,30,47
544,83,36,79
545,45,66,37
546,67,92,80
547,58,24,45
548,1,94,42
549,5,51,75
550,94,64,92
551,26,22,38
552,87,24,94
553,19,24,3
554,61,86,47
555,19,55,62
556,97,70,32
557,50,70,82
558,37,63,32
559,49,12,54
560,73,33,46
561,11,60,62
562,33,9,13
563,70,6,31
564,15,38,21
565,58,29,72
566,36,45,100
567,88,24,58
568,21,56,49
569,60,62,61
570,98,53,86
571,96,51,70
572,49,49,42
573,78,4,80
574,93,29,38
575,32,18,1
576,86,67,83
577,44,57,82
578,46,20,39
579,52,15,32
580,47,27,89
581,56,24,63
582,40,7,74
583,51,23,98
584,88,73,84
585,63,23,27
586,54,81,96
587,68,33,55
588,23,11,97
589,20,60,24
590,88,42,16
591,44,85,33
592,31,9,5
593,63,45,78
594,80,54,18
595,80,96,82
596,26,48,51
597,43,14,84
598,24,96,10
599,92,34,46
600,15,43,18
601,30,26,46
602,10,82,95
603,72,30,77
604,52,92,42
605,74,82,26
606,28,91,13
607,41,43,6
608,6,15,33
609,22,68,91
610,32,44,14
611,67,38,33
612,51,81,13
613,5,13,57
614,73,85,30
615,49,23,67
616,3,43,55
617,86,40,96
618,64,80,65
619,70,41,56
620,31,46,45
621,3,72,84
622,6,69,63
623,2,90,56
624,2,83,37
625,100,4,70
626,21,3,18
627,91,39,36
628,22,48,83
629,12,71,1
630,33,92,47
631,90,2,98
632,19,18,53
633,79,91,70
634,70,29,9
635,79,71,94
636,79,56,61
637,16,82,54
638,59,10,29
639,83,33,89
640,42,27,23
641,79,38,25
642,73,10,19
643,4,15,7
644,35,33,70
645,99,12,60
646,11,83,31
647,94,35,28
648,78,13,15
649,46,5,26
650,27,46,62
651,1,87,43
652,54,11,44
653,17,6,25
654,90,73,48
655,32,64,18
656,49,99,42
657,43,97,80
658,70,74,31
659,65,81,24
660,15,12,11
661,93,54,20
662,59,91,88
663,37,81,39
664,77,80,56
665,11,25,50
666,26,10,25
667,30,16,69
668,66,100,31
669,66,26,59
670,79,52,2
671,76,89,87
672,3,70,26
673,9,67,50
674,71,73,30
675,34,54,10
676,76,38,86
677,19,31,36
678,96,37,22
679,64,2,14
680,4,28,88
681,42,81,81
682,43,94,50
683,29,20,27
684,88,25,97
685,33,91,79
686,5,93,92
687,55,85,91
688,45,98,41
689,16,36,34
690,53,3,83
691,60,30,38
692,34,72,21
693,47,95,55
694,53,23,44
695,79,47,50
696,45,45,87
697,95,69,23
698,68,51,1
699,3,14,76
700,70,20,58
701,61,6,35
702,8,83,6
703,97,74,59
704,44,95,7
705,88,12,38
706,38,65,60
707,20,25,76
708,23,72,79
709,94,27,46
710,7,31,27
711,82,50,5
712,47,96,77
713,50,10,48
714,6,52,71
715,83,19,35
716,22,85,95
717,43,33,57
718,75,33,19
719,31,47,61
720,88,75,7
721,46,45,53
722,25,61,59
723,60,50,28
724,52,48,35
725,44,10,72
726,58,53,1
727,57,2,80
728,67,82,16
729,74,72,83
730,79,51,95
731,46,89,13
732,85,59,19
733,64,63,23
734,46,88,59
735,16,23,9
736,60,67,80
737,28,60,1
738,30,58,99
739,14,68,62
740,9,78,62
741,41,28,73
742,20,68,43
743,19,79,92
744,83,96,56
745,7,96,55
746,64,62,15
747,39,86,64
748,22,41,82
749,77,43,50
750,1,51,9
751,20,28,46
752,12,67,12
753,73,69,75
754,56,35,38
755,33,79,50
756,42,8,62
757,17,11,79
758,83,4,70
759,85,43,81
760,73,22,97
761,2,72,10
762,51,43,62
763,86,4,5
764,50,71,69
765,15,12,92
766,11,50,66
767,3,37,47
768,85,33,11
769,46,26,62
770,31,68,34
771,37,31,64
772,51,67,28
773,31,94,48
774,83,52,20
775,43,76,10
776,51,87,48
777,97,18,66
778,72,81,87
779,88,93,32
780,35,10,15
781,97,5,51
782,59,11,26
783,72,93,53
784,20,86,98
785,12,53,86
786,33,66,95
787,19,18,68
788,91,23,27
789,53,93,73
790,39,98,72
791,3,71,93
792,90,64,70
793,88,73,75
794,39,30,54
795,60,56,82
796,64,25,53
797,57,96,78
798,23,40,50
799,76,9,51
800,65,16,95
801,12,9,47
802,1,16,90
803,91,64,11
804,89,100,20
805,45,13,5
806,79,94,11
807,12,71,61
808,2,49,43
809,100,70,45
810,78,54,50
811,14,53,10
812,85,33,16
813,53,32,2
814,20,58,4
815,90,15,25
816,62,39,71
817,77,29,80
818,49,24,18
819,82,26,96
820,51,45,88
821,1,64,59
822,79,12,81
823,33,45,11
824,1,100,22
825,12,96,71
826,7,13,48
827,40,73,87
828,81,15,19
829,3,90,96
830,92,24,52
831,37,80,47
832,59,66,75
833,50,91,23
834,52,93,95
835,25,25,30
836,13,96,28
837,58,32,20
838,76,79,58
839,92,80,36
840,83,13,70
841,52,35,56
842,91,37,81
843,68,78,21
844,18,64,69
845,87,85,7
846,31,40,22
847,38,37,91
848,87,29,96
849,45,28,9
850,71,28,76
851,46,10,20
852,49,91,24
853,25,79,13
854,24,38,7
855,31,84,49
856,76,3,84
857,50,41,70
858,70,7,44
859,40,74,78
860,70,96,87
861,19,77,25
862,31,63,1
863,86,21,94
864,5,46,31
865,59,65,76
866,59,70,28
867,11,41,47
868,47,54,95
869,89,37,88
870,57,45,2
871,97,41,50
872,16,20,78
873,53,48,12
874,86,58,85
875,42,73,40
876,47,32,8
877,4,23,68
878,93,83,42
879,49,98,61
880,21,72,14
881,76,65,14
882,51,29,62
883,27,90,42
884,63,27,49
885,5,62,63
886,5,16,47
887,42,22,75
888,80,68,69
889,15,76,32
890,24,84,19
891,55,51,7
892,100,8,47
893,12,32,33
894,15,43,63
895,23,71,88
896,67,97,43
897,41,80,18
898,83,54,80
899,48,44,26
900,59,96,56
901,45,46,46
902,99,6,23
903,96,11,32
904,7,97,80
905,29,45,18
906,25,56,73
907,56,91,9
908,2,4,92
909,35,10,83
910,1,66,92
911,26,27,70
912,66,8,19
913,55,80,7
914,24,88,83
915,9,23,20
916,27,42,20
917,12,56,41
918,60,33,60
919,29,51,65
920,5,39,28
921,8,23,82
922,86,11,74
923,98,56,45
924,61,52,48
925,75,74,39
926,75,62,14
927,41,95,16
928,56,73,54
929,20,66,26
930,5,19,37
931,22,18,43
932,10,82,36
933,4,25,78
934,28,10,37
935,42,55,3
936,47,61,92
937,85,1,11
938,17,27,80
939,47,83,29
940,74,52,22
941,87,60,15
942,4,50,94
943,51,27,36
944,71,73,45
945,81,67,28
946,23,74,68
947,6,93,45
948,26,81,24
949,97,85,90
950,66,56,51
951,41,77,60
952,34,10,93
953,4,16,29
954,23,46,2
955,84,60,95
956,12,33,69
957,66,33,39
958,13,76,48
959,10,78,73
960,73,6,83
961,78,54,43
962,93,96,78
963,94,44,28
964,88,53,17
965,69,3,27
966,52,63,47
967,64,46,55
968,47,59,29
969,44,78,86
970,95,61,29
971,47,75,30
972,88,54,12
973,96,6,1
974,84,62,36
975,36,4,7
976,85,29,34
977,85,72,42
978,18,93,24
979,47,24,55
980,38,34,24
981,73,36,40
982,77,70,1
983,9,84,100
984,88,63,11
985,47,57,31
986,92,97,53
987,71,40,5
988,69,63,30
989,11,23,37
990,3,33,76
991,69,21,40
992,40,72,82
993,54,76,13
994,94,3,99
995,67,13,63
996,4,2,36
997,92,90,91
998,38,51,91
999,11,3,12
1000,74,24,98
1001,60,43,71
1002,30,87,69
1003,14,47,13
1004,21,81,57
1005,17,73,65
1006,34,65,50
1007,67,42,56
1008,50,52,66
1009,45,51,87
1010,2,88,85
1011,80,71,90
1012,42,85,5
1013,67,67,99
1014,61,68,48
1015,36,92,31
1016,100,41,92
1017,73,47,74
1018,2,51,18
1019,58,16,88
1020,99,69,74
1021,39,99,35
1022,13,48,27
1023,45,95,57
1024,57,36,48
1025,61,58,9
1026,50,44,52
1027,40,68,19
1028,82,100,94
1029,45,39,27
1030,61,55,63
1031,100,59,72
1032,90,37,100
1033,48,45,86
1034,51,44,96
1035,18,44,43
1036,81,79,5
1037,22,63,45
1038,80,40,38
1039,20,16,82
1040,88,38,75
1041,63,23,20
1042,95,60,39
1043,21,92,75
1044,27,69,5
1045,38,92,39
1046,86,6,77
1047,1,16,52
1048,78,94,94
1049,24,40,25
1050,52,76,87
1051,24,69,48
1052,96,91,99
1053,48,58,87
1054,97,68,23
1055,17,80,80
1056,87,53,43
1057,47,75,77
1058,37,64,65
1059,99,82,51
1060,99,94,91
1061,19,4,88
1062,80,41,85
1063,50,46,27
1064,73,84,44
1065,86,96,37
1066,35,40,66
1067,28,33,85
1068,58,71,68
1069,94,37,73
1070,59,28,12
1071,2,13,88
1072,90,92,35
1073,11,10,20
1074,77,16,40
1075,67,50,100
1076,95,15,23
1077,10,85,10
1078,57,46,75
1079,43,42,56
1080,10,42,59
1081,38,21,13
1082,84,26,13
1083,9,91,38
1084,82,28,82
1085,65,96,53
1086,78,74,93
1087,1,40,33
1088,99,72,35
1089,6,88,69
1090,1,84,65
1091,30,25,9
1092,95,68,71
1093,74,65,27
1094,83,49,17
1095,42,33,43
1096,58,86,73
1097,66,44,66
1098,42,7,77
1099,5,92,57
1100,74,67,81
1101,22,24,47
1102,2,8,9
1103,41,71,95
1104,14,89,55
1105,75,98,27
1106,95,89,60
1107,2,18,37
1108,49,86,18
1109,1,3,37
1110,12,93,27
1111,36,95,52
1112,64,69,58
1113,9,66,36
1114,84,41,99
1115,42,77,61
1116,50,5,39
1117,44,90,24
1118,70,1,93
1119,43,17,75
1120,62,46,92
1121,25,84,86
1122,46,46,14
1123,56,25,100
1124,59,63,21
1125,39,18,84
1126,98,35,49
1127,33,48,76
1128,74,11,13
1129,13,2,78
1130,52,51,78
1131,79,99,14
1132,17,55,28
1133,13,39,70
1134,88,64,20
1135,41,25,60
1136,95,56,69
1137,81,97,52
1138,90,78,13
1139,30,51,36
1140,48,75,51
1141,67,22,8
1142,15,87,3
1143,72,69,60
1144,62,14,84
1145,94,79,76
1146,14,2,99
1147,46,57,27
1148,18,57,20
1149,40,82,37
1150,17,22,36
1151,12,8,6
1152,63,17,5
1153,55,12,58
1154,87,44,96
1155,68,2,73
1156,65,81,12
1157,62,94,52
1158,54,73,8
1159,86,76,33
1160,93,79,9
1161,68,43,73
1162,87,73,89
1163,66,92,27
1164,80,69,31
1165,44,76,69
1166,77,56,65
1167,43,21,11
1168,92,71,74
1169,40,69,69
1170,96,96,55
1171,43,90,84
1172,92,18,26
1173,39,58,98
1174,53,17,30
1175,58,18,99
1176,77,98,2
1177,59,85,84
1178,40,39,59
1179,78,55,55
1180,73,47,83
1181,64,73,18
1182,41,76,38
1183,88,69,60
1184,20,78,40
1185,18,17,5
1186,67,6,31
1187,16,84,17
1188,50,95,41
1189,90,50,56
1190,38,80,76
1191,77,95,29
1192,26,20,90
1193,32,18,75
1194,31,65,32
1195,61,67,49
1196,98,7,23
1197,73,14,87
1198,97,79,72
1199,88,76,3
1200,78,11,26
1201,48,77,93
1202,41,58,56
1203,53,79,74
1204,37,16,53
1205,53,2,98
1206,13,94,19
1207,4,87,36
1208,94,86,74
1209,85,29,18
1210,15,69,29
1211,12,83,70
1212,24,8,39
1213,24,17,15
1214,30,11,19
1215,35,24,89
1216,44,80,96
1217,94,62,19
1218,98,94,2
1219,1,69,4
1220,36,43,86
1221,47,32,81
1222,26,34,10
1223,1,94,41
1224,57,79,65
1225,19,49,8
1226,37,84,9
1227,6,18,64
1228,59,28,44
1229,48,35,49
1230,44,15,51
1231,75,100,11
1232,21,98,26
1233,85,90,59
1234,47,55,52
1235,54,54,24
1236,24,80,58
1237,2,76,95
1238,79,98,11
1239,25,2,31
1240,73,32,3
1241,35,20,28
1242,85,84,7
1243,5,39,16
1244,73,93,70
1245,94,76,26
1246,15,6,14
1247,5,60,75
1248,21,27,63
1249,62,37,2
1250,14,41,77
1251,16,3,7
1252,71,100,18
1253,96,43,24
1254,29,95,21
1255,31,58,40
1256,17,81,33
1257,31,67,6
1258,38,59,46
1259,42,45,66
1260,3,52,14
1261,84,15,28
1262,82,71,97
1263,60,5,78
1264,5,4,14
1265,15,84,35
1266,24,38,66
1267,57,92,94
1268,54,79,87
1269,18,87,21
1270,92,59,91
1271,45,19,87
1272,46,87,85
1273,70,42,83
1274,1,87,91
1275,73,22,27
1276,72,36,56
1277,100,79,100
1278,54,9,80
1279,76,63,38
1280,11,44,22
1281,51,36,79
1282,36,51,4
1283,14,41,71
1284,25,83,60
1285,12,100,58
1286,98,1,32
1287,30,49,9
1288,14,2,79
1289,12,60,31
1290,42,12,31
1291,50,63,3
1292,23,73,51
1293,33,1,42
1294,16,68,82
1295,35,93,97
1296,83,50,16
1297,71,94,63
1298,84,31,45
1299,57,17,10
1300,92,31,18
1301,66,96,90
1302,25,16,44
1303,90,4,25
1304,63,12,39
1305,15,80,72
1306,37,18,11
1307,61,46,22
1308,40,46,12
1309,14,96,37
1310,18,11,91
1311,37,37,16
1312,55,73,82
1313,36,44,45
1314,71,42,69
1315,80,32,40
1316,90,13,40
1317,10,87,20
1318,32,54,78
1319,6,99,57
1320,38,21,48
1321,71,37,66
1322,55,57,99
1323,24,66,79
1324,67,2,33
1325,72,45,85
1326,61,24,96
1327,35,25,70
1328,10,9,62
1329,74,89,80
1330,28,66,54
1331,99,68,39
1332,15,7,86
1333,91,36,92
1334,36,22,62
1335,15,95,48
1336,65,5,80
1337,4,55,65
1338,35,44,52
1339,75,88,23
1340,5,90,29
1341,73,31,27
1342,27,16,11
1343,65,81,94
1344,91,14,3
1345,36,36,87
1346,26,41,64
1347,45,34,9
1348,81,84,35
1349,91,49,50
1350,32,89,10
1351,23,91,51
1352,24,11,100
1353,56,95,20
1354,92,34,22
1355,3,47,60
1356,57,41,41
1357,70,2,25
1358,25,29,16
1359,13,76,69
1360,17,91,40
1361,94,41,6
1362,84,75,80
1363,94,27,28
1364,25,35,57
1365,95,91,89
1366,38,99,27
1367,70,75,28
1368,8,65,77
1369,7,24,78
1370,81,47,32
1371,8,27,30
1372,97,42,61
1373,39,29,82
1374,100,1,91
1375,71,17,5
1376,43,44,17
1377,82,8,93
1378,11,50,78
1379,59,92,100
1380,93,4,63
1381,72,91,32
1382,69,3,96
1383,100,85,82
1384,6,99,76
1385,67,36,64
1386,63,83,32
1387,36,48,71
1388,76,10,89
1389,28,97,13
1390,56,19,68
1391,16,63,81
1392,88,16,71
1393,64,83,58
1394,95,14,34
1395,57,6,56
1396,99,44,2
1397,32,91,96
1398,56,68,74
1399,38,29,36
1400,41,70,34
1401,74,67,64
1402,45,87,50
1403,92,9,45
1404,84,52,61
1405,66,71,100
1406,18,2,73
1407,91,57,60
1408,48,12,16
1409,53,90,83
1410,40,3,76
1411,87,19,45
1412,57,61,34
1413,80,99,9
1414,75,92,88
1415,6,24,31
1416,21,99,12
1417,32,78,45
1418,52,76,39
1419,46,88,67
1420,39,97,34
1421,71,85,46
1422,19,25,61
1423,58,28,82
1424,48,59,26
1425,74,91,36
1426,60,92,17
1427,77,53,16
1428,15,93,18
1429,31,49,69
1430,84,61,84
1431,8,25,18
1432,34,90,62
1433,92,28,55
1434,77,48,71
1435,1,11,68
1436,29,75,5
1437,100,46,75
1438,10,11,64
1439,92,94,32
1440,57,26,10
1441,92,3,95
1442,22,17,67
1443,31,32,44
1444,16,61,84
1445,68,66,91
1446,14,21,17
1447,44,53,47
1448,6,76,50
1449,8,16,6
1450,84,18,39
1451,37,53,76
1452,67,55,91
1453,8,44,85
1454,22,71,24
1455,98,30,72
1456,41,53,94
1457,33,82,12
1458,40,72,23
1459,14,13,86
1460,32,1,83
1461,34,23,65
1462,68,10,33
1463,99,3,65
1464,1,37,25
1465,63,55,6
1466,10,39,64
1467,46,6,37
1468,22,48,40
1469,91,97,45
1470,18,56,84
1471,25,82,56
1472,87,90,18
1473,78,46,6
1474,97,41,50
1475,100,97,40
1476,82,82,96
1477,37,8,18
1478,2,49,32
1479,5,100,77
1480,11,48,87
1481,21,26,5
1482,53,48,66
1483,41,17,21
1484,11,87,24
1485,26,89,74
1486,100,47,90
1487,55,74,13
1488,43,38,42
1489,65,95,21
1490,100,38,39
1491,28,87,44
1492,56,100,96
1493,11,33,97
1494,38,25,50
1495,36,59,40
1496,29,73,93
1497,5,46,3
1498,1,71,65
1499,61,93,45
1500,64,32,89
1501,27,79,5
1502,46,22,14
1503,93,36,53
1504,15,5,90
1505,18,53,64
1506,46,67,10
1507,41,44,12
1508,100,19,75
1509,87,23,25
1510,39,47,37
1511,87,19,60
1512,47,33,60
1513,96,81,64
1514,2,20,91
1515,36,2,63
1516,65,46,48
1517,1,45,46
1518,61,39,42
1519,11,34,31
1520,44,90,84
1521,83,90,50
1522,95,74,65
1523,58,18,40
1524,79,70,4
1525,56,37,87
1526,17,83,46
1527,69,30,60
1528,85,10,42
1529,2,5,47
1530,9,85,17
1531,36,86,79
1532,4,89,84
1533,5,58,41
1534,86,4,24
1535,84,75,29
1536,69,46,15
1537,99,48,9
1538,24,84,80
1539,97,25,90
1540,95,68,10
1541,49,2,71
1542,99,8,67
1543,13,1,31
1544,38,49,80
1545,1,33,82
1546,60,4,12
1547,80,75,66
1548,88,64,25
1549,96,32,10
1550,97,42,33
1551,87,13,36
1552,75,17,26
1553,60,35,87
1554,5,20,69
1555,34,30,86
1556,82,50,23
1557,9,82,77
1558,33,47,73
1559,11,79,81
1560,64,57,49
1561,11,81,74
1562,24,63,84
1563,69,67,64
1564,78,90,54
1565,40,50,51
1566,4,3,12
1567,32,80,81
1568,62,74,42
1569,53,93,63
1570,88,73,50
1571,11,81,15
1572,5,79,42
1573,37,59,54
1574,38,86,18
1575,67,93,70
1576,5,90,95
1577,75,51,20
1578,44,66,52
1579,93,31,89
1580,32,71,92
1581,58,16,90
1582,29,32,75
1583,2,51,64
1584,5,25,7
1585,4,99,59
1586,72,9,28
1587,8,33,18
1588,72,47,14
1589,18,21,52
1590,38,20,48
1591,78,79,8
1592,68,41,55
1593,29,61,26
1594,94,74,90
1595,29,58,3
1596,47,81,43
1597,30,14,83
1598,68,24,14
1599,43,50,29
1600,69,16,64
1601,47,7,27
1602,100,36,72
1603,23,78,19
1604,52,35,98
1605,62,52,82
1606,15,45,82
1607,72,46,71
1608,21,99,78
1609,36,44,20
1610,52,43,82
1611,69,59,78
1612,30,75,17
1613,95,74,69
1614,24,27,76
1615,76,89,1
1616,82,54,90
1617,61,17,39
1618,86,64,27
1619,60,14,74
1620,38,89,64
1621,82,97,39
1622,12,47,72
1623,51,36,5
1624,55,2,16
1625,20,63,5
1626,99,81,90
1627,15,48,51
1628,3,13,59
1629,7,26,53
1630,50,97,54
1631,92,91,44
1632,49,6,57
1633,76,95,16
1634,78,56,15
1635,95,11,34
1636,64,64,89
1637,29,2,53
1638,47,32,62
1639,9,87,96
1640,33,36,89
1641,38,36,25
1642,47,77,21
1643,66,24,13
1644,55,86,79
1645,63,4,35
1646,67,18,8
1647,9,66,18
1648,68,71,49
1649,36,63,80
1650,77,43,23
1651,17,88,80
1652,88,53,23
1653,17,65,1
1654,19,78,87
1655,62,10,2
1656,55,34,35
1657,12,17,59
1658,11,66,8
1659,89,61,64
1660,62,57,91
1661,79,87,21
1662,11,31,3
1663,88,48,24
1664,70,93,87
1665,46,19,45
1666,15,94,29
1667,38,91,95
1668,73,88,20
1669,8,51,51
1670,81,12,24
1671,55,57,40
1672,47,29,31
1673,28,17,70
1674,1,44,37
1675,17,18,54
1676,51,59,54
1677,27,63,13
1678,40,44,62
1679,12,6,81
1680,51,89,26
1681,82,14,14
1682,6,44,26
1683,53,78,26
1684,15,87,14
1685,62,96,24
1686,54,99,26
1687,71,60,74
1688,35,18,48
1689,11,42,3
1690,92,87,82
1691,85,81,87
1692,17,73,87
1693,42,61,33
1694,29,76,93
1695,59,88,78
1696,27,71,76
1697,35,27,97
1698,72,28,5
1699,36,41,43
1700,41,93,64
1701,53,44,31
1702,27,75,49
1703,3,98,40
1704,87,24,17
1705,9,69,85
1706,83,93,41
1707,97,61,76
1708,1,86,67
1709,69,10,27
1710,99,21,50
1711,18,95,75
1712,72,82,59
1713,90,87,84
1714,87,97,85
1715,20,96,74
1716,36,6,66
1717,25,51,33
1718,4,72,54
1719,52,5,65
1720,23,92,49
1721,6,32,83
1722,85,60,48
1723,54,12,42
1724,47,62,9
1725,40,2,94
1726,29,52,53
1727,25,95,72
1728,8,46,5
1729,2,34,13
1730,84,8,68
1731,93,9,3
1732,76,48,23
1733,21,69,88
1734,42,90,67
1735,70,63,9
1736,74,66,82
1737,85,42,61
1738,7,59,20
1739,55,46,45
1740,60,9,43
1741,22,56,80
1742,78,41,80
1743,5,58,87
1744,4,49,53
1745,82,99,37
1746,69,87,94
1747,45,88,81
1748,27,14,94
1749,100,19,91
1750,44,46,61
1751,53,60,13
1752,36,76,33
1753,90,65,94
1754,56,30,62
1755,18,71,84
1756,66,79,92
1757,20,94,54
1758,75,7,33
1759,21,65,65
1760,17,24,2
1761,85,1,6
1762,49,81,57
1763,18,45,36
1764,72,34,57
1765,85,35,1
1766,6,47,92
1767,68,5,95
1768,83,38,52
1769,87,6,11
1770,87,5,57
1771,6,74,49
1772,49,19,87
1773,41,79,35
1774,96,96,41
1775,34,36,68
1776,1,49,81
1777,26,78,37
1778,49,53,81
1779,15,88,85
1780,26,62,22
1781,68,54,93
1782,83,60,36
1783,82,100,69
1784,90,44,15
1785,78,26,37
1786,31,34,59
1787,69,97,39
1788,44,51,77
1789,73,27,90
1790,75,30,54
1791,61,60,84
1792,66,88,25
1793,12,61,87
1794,100,92,67
1795,2,100,75
1796,91,50,25
1797,85,12,40
1798,57,20,82
1799,45,32,40
1800,31,24,60
1801,46,40,68
1802,89,6,25
1803,3,35,22
1804,48,76,22
1805,42,75,91
1806,86,6,68
1807,33,70,46
1808,6,94,82
1809,52,39,66
1810,74,56,99
1811,20,72,45
1812,34,6,96
1813,93,81,15
1814,43,67,27
1815,20,21,88
1816,36,32,91
1817,74,93,68
1818,35,4,62
1819,87,97,70
1820,4,43,80
1821,77,19,52
1822,89,84,27
1823,51,87,9
1824,55,14,28
1825,48,54,65
1826,80,85,55
1827,6,93,26
1828,54,66,66
1829,22,16,83
1830,94,62,57
1831,16,15,37
1832,91,26,41
1833,64,95,78
1834,85,74,56
1835,19,67,45
1836,43,86,27
1837,91,31,98
1838,50,66,39
1839,27,91,8
1840,44,8,6
1841,25,21,85
1842,64,20,88
1843,47,33,77
1844,80,61,54
1845,30,23,60
1846,69,88,86
1847,4,96,1
1848,57,4,21
1849,60,15,63
1850,15,48,52
1851,98,38,19
1852,85,68,37
1853,28,54,34
1854,4,56,52
1855,37,100,17
1856,50,12,17
1857,55,90,71
1858,17,54,100
1859,95,28,65
1860,15,89,22
1861,82,88,51
1862,89,2,90
1863,89,51,34
1864,22,63,1
1865,19,56,12
1866,21,97,55
1867,89,85,90
1868,68,53,29
1869,41,7,26
1870,14,5,8
1871,56,90,5
1872,41,83,1
1873,70,29,66
1874,57,95,57
1875,78,60,63
1876,49,58,81
1877,49,56,42
1878,61,39,5
1879,36,24,41
1880,52,29,81
1881,1,27,78
1882,34,88,93
1883,34,57,63
1884,63,17,67
1885,37,59,54
1886,70,42,14
1887,33,35,61
1888,60,52,86
1889,90,23,21
1890,42,98,55
1891,21,77,76
1892,24,30,78
1893,23,76,49
1894,51,34,35
1895,3,7,8
1896,54,64,61
1897,67,77,17
1898,30,44,29
1899,48,24,19
1900,79,98,35
1901,53,34,93
1902,79,99,9
1903,70,85,19
1904,41,74,94
1905,2,53,85
1906,31,26,78
1907,24,93,32
1908,52,37,28
1909,22,1,92
1910,29,47,42
1911,91,14,80
1912,45,42,54
1913,24,73,5
1914,7,78,29
1915,9,93,52
1916,73,87,95
1917,3,39,99
1918,64,70,54
1919,98,13,20
1920,97,48,77
1921,95,28,11
1922,58,75,80
1923,55,91,7
1924,52,44,83
1925,56,86,26
1926,44,92,13
1927,8,41,16
1928,99,76,52
1929,68,22,79
1930,17,21,45
1931,89,47,50
1932,81,55,35
1933,23,8,25
1934,52,46,79
1935,29,95,71
1936,84,22,98
1937,42,50,100
1938,78,95,52
1939,45,25,43
1940,60,28,80
1941,69,95,25
1942,44,7,53
1943,84,36,1
1944,61,61,73
1945,4,95,1
1946,17,95,67
1947,25,6,92
1948,64,52,21
1949,6,73,5
1950,56,4,2
1951,22,91,22
1952,54,67,75
1953,9,38,44
1954,37,20,48
1955,78,10,9
1956,73,9,94
1957,77,27,23
1958,46,38,72
1959,71,56,39
1960,70,28,1
1961,39,78,75
1962,14,37,29
1963,73,81,57
1964,60,32,71
1965,92,46,83
1966,12,45,68
1967,84,32,17
1968,28,91,92
1969,9,35,83
1970,21,64,16
1971,38,93,10
1972,35,21,20
1973,79,53,20
1974,21,13,94
1975,31,65,34
1976,5,48,61
1977,22,87,2
1978,82,43,58
1979,6,80,5
1980,100,22,39
1981,46,15,5
1982,21,27,38
1983,72,49,91
1984,13,100,32
1985,44,3,67
1986,16,26,19
1987,91,17,45
1988,78,53,47
1989,63,1,15
1990,59,25,43
1991,53,39,28
1992,13,32,37
1993,76,58,64
1994,98,61,29
1995,50,61,66
1996,32,82,30
1997,59,69,65
1998,43,47,33
1999,69,20,79
2000,19,49,35
2001,39,92,100
2002,95,20,100
2003,49,58,6
2004,42,37,7
2005,63,90,75
2006,64,73,5
2007,82,89,17
2008,54,81,93
2009,11,19,41
2010,50,85,68
2011,34,85,72
2012,64,91,84
2013,58,43,25
2014,25,63,28
2015,4,37,95
2016,76,40,30
2017,4,4,40
2018,44,45,12
2019,87,43,10
2020,8,46,76
2021,69,20,83
2022,48,69,10
2023,88,16,36
2024,50,8,37
2025,35,13,14
2026,82,63,78
2027,49,38,79
2028,39,94,71
2029,33,63,42
2030,54,62,90
2031,93,38,25
2032,58,37,7
2033,28,8,65
2034,98,51,6
2035,18,67,90
2036,97,64,71
2037,96,14,13
2038,2,81,96
2039,13,43,14
2040,87,35,100
2041,79,4,82
2042,94,9,57
2043,18,71,50
2044,36,67,8
2045,13,99,39
2046,39,18,54
2047,76,37,92
2048,39,17,86
2049,94,8,57
2050,29,99,19
2051,88,21,56
2052,82,8,63
2053,97,52,41
2054,19,77,7
2055,18,7,44
2056,83,10,69
2057,40,62,24
2058,15,12,85
2059,14,78,28
2060,33,70,65
2061,15,54,44
2062,18,21,47
2063,21,37,9
2064,32,40,7
2065,2,78,42
2066,10,9,36
2067,87,34,10
2068,41,4,92
2069,18,50,73
2070,70,30,96
2071,73,5,64
2072,19,43,33
2073,78,46,58
2074,52,3,32
2075,50,75,24
2076,86,60,64
2077,90,48,51
2078,52,70,40
2079,5,1,26
2080,57,64,34
2081,87,27,90
2082,83,32,99
2083,33,90,80
2084,74,77,24
2085,48,52,72
2086,68,86,41
2087,7,44,64
2088,96,38,29
2089,49,21,27
2090,91,41,64
2091,49,68,93
2092,18,30,68
2093,47,72,46
2094,41,1,41
2095,5,58,20
2096,66,13,49
2097,20,80,17
2098,74,68,37
2099,16,92,78
2100,72,53,24
2101,21,55,72
2102,50,59,96
2103,70,31,1
2104,36,89,53
2105,37,70,11
2106,12,10,55
2107,24,96,32
2108,39,53,84
2109,56,86,54
2110,3,34,25
2111,88,100,65
2112,14,9,88
2113,26,39,18
2114,55,2,66
2115,100,28,75
2116,57,3,55
2117,25,50,38
2118,82,39,42
2119,75,18,3
2120,4,91,62
2121,19,45,52
2122,76,76,80
2123,10,26,47
2124,47,36,60
2125,86,22,83
2126,88,3,41
2127,75,13,9
2128,14,91,36
2129,49,41,35
2130,4,20,99
2131,80,4,41
2132,15,22,39
2133,93,24,29
2134,48,71,11
2135,26,18,1
2136,22,29,28
2137,61,19,12
2138,48,11,51
2139,29,60,56
2140,11,54,8
2141,90,70,27
2142,44,4,15
2143,19,42,44
2144,62,42,31
2145,84,50,34
2146,32,19,45
2147,37,53,97
2148,10,46,3
2149,94,73,26
2150,53,45,47
2151,61,60,53
2152,7,80,13
2153,85,89,77
2154,81,73,72
2155,68,21,47
2156,84,3,46
2157,33,92,20
2158,4,56,22
2159,58,42,6
2160,23,70,21
2161,10,9,57
2162,9,17,84
2163,34,65,56
2164,74,15,43
2165,71,86,28
2166,58,58,63
2167,4,28,15
2168,53,38,11
2169,8,29,96
2170,91,1,45
2171,87,79,88
2172,58,15,73
2173,57,94,45
2174,20,38,36
2175,3,24,66
2176,23,21,36
2177,85,76,59
2178,29,45,48
2179,1,2,25
2180,41,47,1
2181,16,84,16
2182,26,18,95
2183,2,17,44
2184,91,55,39
2185,70,29,29
2186,70,18,37
2187,18,10,23
2188,51,30,76
2189,5,42,7
2190,40,55,83
2191,8,72,34
2192,45,31,83
2193,40,23,86
2194,52,86,40
2195,98,37,48
2196,50,51,62
2197,97,78,63
2198,56,80,3
2199,12,34,56
2200,54,37,86
2201,69,76,29
2202,5,83,90
2203,39,2,28
2204,69,21,40
2205,5,39,66
2206,73,12,84
2207,30,45,5
2208,37,49,52
2209,90,9,81
2210,69,82,5
2211,96,3,80
2212,65,33,47
2213,50,49,71
2214,97,21,20
2215,90,76,63
2216,16,41,23
2217,20,8,38
2218,91,46,66
2219,62,85,87
2220,2,65,96
2221,96,83,85
2222,91,89,24
2223,77,12,26
2224,33,88,68
2225,87,41,37
2226,55,94,23
2227,52,65,91
2228,87,10,1
2229,11,17,15
2230,42,69,2
2231,59,87,40
2232,29,32,49
2233,12,77,44
2234,45,46,52
2235,45,93,83
2236,78,83,14
2237,85,33,65
2238,13,3,35
2239,40,62,1
2240,89,38,97
2241,10,58,72
2242,32,86,16
2243,46,27,12
2244,19,44,11
2245,89,9,93
2246,19,25,27
2247,34,42,36
2248,12,29,33
2249,11,74,45
2250,51,18,30
2251,80,100,25
2252,36,81,55
2253,37,62,65
2254,37,74,96
2255,49,85,30
2256,54,92,21
2257,44,12,65
2258,83,19,9
2259,51,87,99
2260,6,33,14
2261,53,100,58
2262,25,43,94
2263,24,21,96
2264,96,30,34
2265,13,95,84
2266,29,55,35
2267,33,15,29
2268,52,15,45
2269,39,37,32
2270,64,96,88
2271,59,25,26
2272,86,30,41
2273,25,32,23
2274,33,43,83
2275,57,10,47
2276,31,26,49
2277,60,34,16
2278,21,18,37
2279,7,10,1
2280,63,36,90
2281,11,77,21
2282,74,52,94
2283,76,10,58
2284,84,28,83
2285,63,74,100
2286,71,71,68
2287,34,61,9
2288,31,49,28
2289,17,82,57
2290,34,89,2
2291,96,91,90
2292,11,75,43
2293,50,81,7
2294,50,32,59
2295,62,20,21
2296,44,52,39
2297,53,73,3
2298,51,34,58
2299,36,4,87
2300,10,47,97
2301,74,99,56
2302,19,1,53
2303,72,43,80
2304,54,37,72
2305,62,91,82
2306,76,35,90
2307,45,88,54
2308,96,54,1
2309,19,34,50
2310,63,89,10
2311,80,69,77
2312,81,7,23
2313,92,50,93
2314,76,65,94
2315,7,49,42
2316,60,13,53
2317,85,62,65
2318,100,22,39
2319,62,71,72
2320,3,41,80
2321,78,91,61
2322,78,99,11
2323,9,97,61
2324,41,59,16
2325,99,89,12
2326,30,97,74
2327,77,65,99
2328,48,92,34
2329,63,67,84
2330,74,64,78
2331,56,13,68
2332,32,55,46
2333,11,53,49
2334,31,20,98
2335,80,7,35
2336,99,3,11
2337,42,74,65
2338,54,75,90
2339,34,70,90
2340,39,12,21
2341,64,44,52
2342,64,97,11
2343,92,50,74
2344,78,97,44
2345,83,17,18
2346,78,96,14
2347,38,97,14
2348,93,65,62
2349,70,78,8
2350,96,39,18
2351,77,4,33
2352,56,7,72
2353,33,64,63
2354,9,36,56
2355,61,11,92
2356,91,1,56
2357,43,31,54
2358,88,82,52
2359,61,63,48
2360,75,88,27
2361,97,21,59
2362,21,8,59
2363,41,37,4
2364,46,27,24
2365,56,62,32
2366,75,60,72
2367,53,91,88
2368,7,2,31
2369,38,88,10
2370,90,69,7
2371,66,67,53
2372,74,51,94
2373,87,34,34
2374,60,91,3
2375,77,91,21
2376,61,60,52
2377,7,63,50
2378,2,75,53
2379,32,86,1
2380,14,96,37
2381,28,8,50
2382,97,26,90
2383,84,43,63
2384,85,97,77
2385,36,33,33
2386,93,91,19
2387,65,77,96
2388,92,46,20
2389,34,67,45
2390,80,19,6
2391,42,100,6
2392,21,71,98
2393,83,9,4
2394,59,89,66
2395,7,56,62
2396,29,56,69
2397,69,50,78
2398,6,15,35
2399,50,4,49
2400,57,60,46
2401,53,14,50
2402,6,69,25
2403,49,17,18
2404,83,1,17
2405,47,60,1
2406,37,79,61
2407,10,6,85
2408,68,85,9
2409,26,10,95
2410,67,72,78
2411,40,12,88
2412,34,34,82
2413,92,32,18
2414,36,3,70
2415,56,50,53
2416,99,44,6
2417,51,1,91
2418,27,63,20
2419,52,76,35
2420,19,79,87
2421,40,45,90
2422,90,59,86
2423,71,39,13
2424,45,81,78
2425,36,34,66
2426,77,99,36
2427,16,38,42
2428,84,67,51
2429,69,14,54
2430,25,50,57
2431,66,50,45
2432,87,62,98
2433,98,39,57
2434,38,91,16
2435,77,9,66
2436,65,37,47
2437,49,93,37
2438,93,45,50
2439,22,17,74
2440,67,55,93
2441,3,80,4
2442,71,65,1
2443,35,56,91
2444,53,73,94
2445,86,56,17
2446,47,90,15
2447,10,24,28
2448,28,53,9
2449,73,26,73
2450,31,25,67
2451,78,64,30
2452,8,8,80
2453,91,11,63
2454,37,34,60
2455,46,92,86
2456,98,38,7
2457,84,23,51
2458,1,19,98
2459,99,29,9
2460,71,80,2
2461,65,3,78
2462,49,76,55
2463,2,78,30
2464,37,47,91
2465,47,80,55
2466,69,81,4
2467,79,86,22
2468,92,38,4
2469,29,91,69
2470,40,72,48
2471,27,11,100
2472,28,89,9
2473,53,85,83
2474,29,87,82
2475,95,59,45
2476,15,32,6
2477,45,99,8
2478,87,30,46
2479,91,68,88
2480,15,55,60
2481,55,92,22
2482,84,5,59
2483,47,17,20
2484,7,5,30
2485,48,87,72
2486,97,23,36
2487,89,3,52
2488,6,79,51
2489,99,86,41
2490,26,50,65
2491,84,99,77
2492,96,67,12
2493,50,60,67
2494,41,90,2
2495,29,63,57
2496,63,58,97
2497,22,98,18
2498,81,4,63
2499,46,52,44
2500,24,45,63
2501,31,66,81
2502,41,86,94
2503,53,52,44
2504,66,54,26
2505,33,24,26
2506,32,61,35
2507,90,47,99
2508,92,34,42
2509,86,45,79
2510,61,16,55
2511,5,71,25
2512,9,53,100
2513,64,76,93
2514,72,77,37
2515,17,62,73
2516,86,77,89
2517,95,12,32
2518,7,7,64
2519,55,43,64
2520,89,80,12
2521,1,96,85
2522,91,94,49
2523,62,46,91
2524,47,79,57
2525,36,86,41
2526,4,83,3
2527,11,99,76
2528,43,44,80
2529,78,9,98
2530,41,74,80
2531,82,89,73
2532,92,93,49
2533,27,7,11
2534,83,80,52
2535,42,1,95
2536,44,61,4
2537,12,11,94
2538,65,51,71
2539,45,61,89
2540,74,99,14
2541,82,38,35
2542,76,36,11
2543,30,7,59
2544,95,73,72
2545,25,40,23
2546,90,62,72
2547,79,45,68
2548,41,59,36
2549,99,79,76
2550,88,90,23
2551,9,56,6
2552,39,3,59
2553,75,57,63
2554,98,1,60
2555,85,63,81
2556,94,19,29
2557,59,96,10
2558,12,65,15
2559,63,36,33
2560,12,90,45
2561,23,38,14
2562,14,31,98
2563,33,1,52
2564,41,11,77
2565,94,84,68
2566,70,6,49
2567,53,49,71
2568,16,33,36
2569,49,53,70
2570,72,62,68
2571,77,38,85
2572,48,21,39
2573,63,60,40
2574,62,84,23
2575,48,99,71
2576,59,50,99
2577,88,52,85
2578,8,20,96
2579,19,12,33
2580,50,12,40
2581,67,30,3
2582,49,13,40
2583,22,64,11
2584,94,58,39
2585,14,71,53
2586,27,50,28
2587,13,83,56
2588,55,81,67
2589,8,95,34
2590,88,50,28
2591,98,67,43
2592,49,5,45
2593,86,78,51
2594,85,83,82
2595,69,43,83
2596,41,34,88
2597,86,53,73
2598,43,36,7
2599,87,44,40
2600,73,97,3
2601,55,25,35
2602,29,58,63
2603,2,84,27
2604,65,4,25
2605,96,16,58
2606,19,55,28
2607,77,29,34
2608,26,21,90
2609,32,52,5
2610,43,80,56
2611,18,100,90
2612,12,70,13
2613,82,68,50
2614,93,33,63
2615,73,6,93
2616,39,86,62
2617,30,54,85
2618,44,78,72
2619,52,52,32
2620,87,79,62
2621,23,66,16
2622,70,54,47
2623,79,73,97
2624,95,84,73
2625,31,89,31
2626,84,42,55
2627,39,77,71
2628,100,42,58
2629,44,38,31
2630,83,100,12
2631,12,26,17
2632,87,88,40
2633,25,45,82
2634,25,78,94
2635,91,51,38
2636,13,77,62
2637,97,98,30
2638,60,10,44
2639,7,54,7
2640,79,18,93
2641,91,55,52
2642,67,10,36
2643,22,12,21
2644,87,68,50
2645,77,68,4
2646,48,91,24
2647,11,27,82
2648,8,61,51
2649,26,22,93
2650,97,70,69
2651,79,100,42
2652,61,79,72
2653,77,76,25
2654,55,95,35
2655,36,78,71
2656,52,83,7
2657,43,74,26
2658,35,67,85
2659,81,59,39
2660,88,72,22
2661,12,50,32
2662,74,4,67
2663,90,67,7
2664,71,95,92
2665,33,75,87
2666,98,72,28
2667,46,96,89
2668,41,100,87
2669,71,72,3
2670,53,63,49
2671,13,7,80
2672,49,48,17
2673,65,35,99
2674,30,24,77
2675,46,49,17
2676,89,4,9
2677,79,13,88
2678,69,55,64
2679,68,23,100
2680,50,56,37
2681,77,41,95
2682,58,72,57
2683,98,76,99
2684,23,13,80
2685,81,56,96
2686,86,29,39
2687,98,86,22
2688,13,49,5
2689,10,67,76
2690,28,80,8
2691,97,89,81
2692,58,29,85
2693,7,8,80
2694,75,83,90
2695,44,13,66
2696,4,8,20
2697,36,77,4
2698,56,3,39
2699,75,91,48
2700,75,82,61
2701,41,7,89
2702,18,42,22
2703,35,32,68
2704,17,67,19
2705,27,31,16
2706,6,61,8
2707,24,14,73
2708,74,71,68
2709,33,57,75
2710,36,48,40
2711,19,44,49
2712,90,5,62
2713,82,65,2
2714,36,12,67
2715,70,16,27
2716,92,71,83
2717,29,50,53
2718,52,41,77
2719,97,35,57
2720,56,91,91
2721,83,25,94
2722,92,55,28
2723,20,5,96
2724,31,34,43
2725,30,89,100
2726,80,21,69
2727,48,6,66
2728,81,25,92
2729,99,49,64
2730,20,43,40
2731,24,21,56
2732,61,19,3
2733,61,96,30
2734,66,66,78
2735,53,72,70
2736,95,12,76
2737,33,24,36
2738,88,67,84
2739,28,9,68
2740,57,63,97
2741,49,51,94
2742,2,80,91
2743,48,30,21
2744,49,90,85
2745,32,27,14
2746,71,76,33
2747,72,46,44
2748,92,22,56
2749,74,63,96
2750,49,3,19
2751,96,46,69
2752,39,84,81
2753,50,69,95
2754,96,86,60
2755,28,84,43
2756,26,79,46
2757,100,32,84
2758,50,21,63
2759,68,39,65
2760,66,47,10
2761,23,56,52
2762,14,63,22
2763,42,90,87
2764,55,54,6
2765,11,58,42
2766,30,79,18
2767,87,87,66
2768,5,92,36
2769,71,73,30
2770,19,20,45
2771,31,22,5
2772,84,60,9
2773,53,89,87
2774,90,59,33
2775,38,70,40
2776,53,4,77
2777,55,28,82
2778,36,66,86
2779,87,12,13
2780,5,98,78
2781,67,40,21
2782,93,98,8
2783,59,31,20
2784,29,55,42
2785,31,47,16
2786,3,48,19
2787,1,7,74
2788,70,1,44
2789,92,65,40
2790,79,97,11
2791,24,13,32
2792,82,91,18
2793,87,71,46
2794,19,93,70
2795,90,53,94
2796,84,49,38
2797,71,72,9
2798,41,100,61
2799,84,40,44
2800,15,80,62
2801,27,34,75
2802,64,35,64
2803,25,8,32
2804,73,34,20
2805,46,68,74
2806,21,67,37
2807,54,85,90
2808,49,53,35
2809,99,79,62
2810,77,73,99
2811,85,16,86
2812,65,78,56
2813,26,73,28
2814,60,22,71
2815,90,11,27
2816,37,56,70
2817,73,2,95
2818,93,71,18
2819,97,56,46
2820,40,45,23
2821,71,10,30
2822,28,28,4
2823,38,95,98
2824,9,55,75
2825,53,34,70
2826,46,93,73
2827,54,74,47
2828,48,44,89
2829,25,48,39
2830,23,76,65
2831,77,9,88
2832,21,47,82
2833,33,68,100
2834,12,100,73
2835,45,95,59
2836,52,3,52
2837,96,9,68
2838,8,34,82
2839,67,36,82
2840,64,13,18
2841,62,97,89
2842,33,72,99
2843,65,70,3
2844,57,7,43
2845,3,39,92
2846,37,72,48
2847,37,17,74
2848,59,83,47
2849,7,56,31
2850,66,67,33
2851,4,52,3
2852,41,73,9
2853,7,86,17
2854,48,85,32
2855,31,39,55
2856,62,66,1
2857,59,85,24
2858,35,17,83
2859,94,8,44
2860,15,61,42
2861,83,75,69
2862,61,70,42
2863,52,44,28
2864,45,9,52
2865,35,35,92
2866,4,10,92
2867,2,47,89
2868,52,79,9
2869,39,65,87
2870,89,39,52
2871,7,80,80
2872,54,13,82
2873,89,86,54
2874,15,43,14
2875,56,54,19
2876,20,73,3
2877,13,53,37
2878,2,40,6
2879,84,36,48
2880,57,58,58
2881,64,13,53
2882,48,63,57
2883,99,91,30
2884,60,84,22
2885,40,17,78
2886,62,80,39
2887,7,1,72
2888,99,33,99
2889,91,3,35
2890,11,23,21
2891,23,5,94
2892,86,35,87
2893,57,59,92
2894,87,81,34
2895,58,70,39
2896,5,17,51
2897,95,54,60
2898,32,68,68
2899,87,15,98
2900,75,98,17
2901,13,99,25
2902,93,77,50
2903,7,42,10
2904,59,59,67
2905,4,89,86
2906,21,67,83
2907,67,86,78
2908,65,27,93
2909,51,41,90
2910,77,37,17
2911,16,85,21
2912,24,68,74
2913,20,70,14
2914,68,26,59
2915,53,53,63
2916,6,45,68
2917,18,21,15
2918,47,36,65
2919,96,11,84
2920,33,94,13
2921,94,53,45
2922,53,3,33
2923,49,39,23
2924,71,32,86
2925,25,44,90
2926,63,36,19
2927,96,99,98
2928,61,82,95
2929,6,36,38
2930,29,48,72
2931,80,95,55
2932,93,26,51
2933,49,90,2
2934,14,65,16
2935,74,77,23
2936,27,62,98
2937,30,10,6
2938,71,57,30
2939,97,9,87
2940,12,10,48
2941,89,3,41
2942,41,78,28
2943,35,99,45
2944,57,5,15
2945,72,14,76
2946,85,69,51
2947,95,23,55
2948,75,28,75
2949,81,9,27
2950,17,46,27
2951,3,71,100
2952,15,39,52
2953,62,99,33
2954,89,83,38
2955,90,4,68
2956,72,28,9
2957,75,78,82
2958,30,16,36
2959,78,79,88
2960,34,15,22
2961,96,100,25
2962,30,30,43
2963,80,16,82
2964,63,62,50
2965,30,12,23
2966,4,71,7
2967,32,83,72
2968,37,44,52
2969,73,27,40
2970,63,99,22
2971,72,46,45
2972,35,27,20
2973,27,84,23
2974,30,56,79
2975,41,75,19
2976,53,71,50
2977,1,6,17
2978,46,92,95
2979,12,82,92
2980,30,98,60
2981,20,67,97
2982,50,48,24
2983,44,91,37
2984,42,8,24
2985,55,13,9
2986,24,76,91
2987,46,10,21
2988,22,93,90
2989,64,91,80
2990,39,48,24
2991,11,29,11
2992,70,39,70
2993,67,99,86
2994,29,62,32
2995,18,78,31
2996,75,3,29
2997,74,97,85
2998,42,13,13
2999,86,38,26
3000,56,66,62
3001,83,52,20
3002,72,26,33
3003,46,13,45
3004,88,75,50
3005,57,72,44
3006,70,13,75
3007,18,26,33
3008,85,78,29
3009,64,50,33
3010,66,30,28
3011,80,94,12
3012,15,30,67
3013,60,49,32
3014,30,16,59
3015,100,48,78
3016,45,8,6
3017,62,68,30
3018,97,30,36
3019,12,97,19
3020,1,27,8
3021,27,57,78
3022,10,12,33
3023,77,69,87
3024,35,49,72
3025,47,68,38
3026,54,62,98
3027,38,85,59
3028,85,39,50
3029,65,34,40
3030,84,4,45
3031,74,34,42
3032,64,96,49
3033,81,24,17
3034,57,79,63
3035,74,61,25
3036,21,40,47
3037,50,45,59
3038,53,97,58
3039,71,29,7
3040,35,70,27
3041,29,86,93
3042,72,33,31
3043,91,55,78
3044,96,10,47
3045,9,48,41
3046,10,82,26
3047,83,79,12
3048,27,28,58
3049,49,64,57
3050,88,89,82
3051,92,44,52
3052,5,59,88
3053,75,54,81
3054,86,76,20
3055,42,75,78
3056,84,100,49
3057,60,25,84
3058,28,31,30
3059,36,11,46
3060,86,81,55
3061,25,88,11
3062,25,54,46
3063,31,18,43
3064,10,59,18
3065,29,57,88
3066,70,53,84
3067,20,83,33
3068,64,42,92
3069,87,32,85
3070,45,60,63
3071,65,67,9
3072,7,31,44
3073,12,67,13
3074,21,98,52
3075,50,100,25
3076,47,48,78
3077,35,25,61
3078,94,28,77
3079,54,18,37
3080,6,45,43
3081,41,23,11
3082,4,25,87
3083,3,52,13
3084,77,41,98
3085,35,8,40
3086,82,2,48
3087,21,40,94
3088,41,75,11
3089,47,76,21
3090,14,67,36
3091,85,53,56
3092,24,53,93
3093,76,56,53
3094,36,65,92
3095,80,28,6
3096,55,100,25
3097,68,44,91
3098,6,44,13
3099,72,78,98
3100,29,77,85
3101,85,93,59
3102,56,84,27
3103,30,50,59
3104,25,11,56
3105,5,72,27
3106,24,71,35
3107,75,20,42
3108,88,19,37
3109,83,50,90
3110,72,47,60
3111,11,34,45
3112,78,43,18
3113,51,13,25
3114,9,86,29
3115,19,44,17
3116,33,19,54
3117,2,40,5
3118,9,85,37
3119,65,65,58
3120,88,44,59
3121,53,47,39
3122,96,22,4
3123,17,20,45
3124,27,92,47
3125,39,78,79
3126,94,51,93
3127,11,3,7
3128,90,72,87
3129,74,68,13
3130,95,70,44
3131,69,42,77
3132,92,33,47
3133,38,60,29
3134,30,79,33
3135,10,2,72
3136,44,30,32
3137,76,81,75
3138,60,45,16
3139,87,70,64
3140,24,69,57
3141,19,77,46
3142,74,5,96
3143,99,3,13
3144,17,52,51
3145,10,63,91
3146,99,83,57
3147,38,44,61
3148,99,57,95
3149,76,14,78
3150,2,98,89
3151,44,13,94
3152,13,84,56
3153,23,64,70
3154,75,43,32
3155,48,71,80
3156,14,87,99
3157,63,75,96
3158,37,13,27
3159,56,16,91
3160,61,43,30
3161,66,45,25
3162,37,12,34
3163,76,61,14
3164,78,18,58
3165,64,43,42
3166,24,35,21
3167,20,74,72
3168,83,52,22
3169,40,11,78
3170,71,88,52
3171,88,12,77
3172,81,17,11
3173,83,39,16
3174,46,85,71
3175,39,53,59
3176,65,55,44
3177,77,45,63
3178,59,33,70
3179,68,77,22
3180,32,16,26
3181,63,89,22
3182,62,11,42
3183,78,13,54
3184,59,88,95
3185,73,36,73
3186,38,63,32
3187,82,56,14
3188,24,51,54
3189,75,19,58
3190,14,74,59
3191,73,48,33
3192,28,60,40
3193,8,40,48
3194,36,17,62
3195,23,44,7
3196,46,99,34
3197,87,95,65
3198,90,19,41
3199,80,5,100
3200,14,75,92
3201,53,67,20
3202,75,5,28
3203,14,36,35
3204,82,30,100
3205,96,10,91
3206,2,100,99
3207,35,91,47
3208,55,73,77
3209,79,31,5
3210,12,6,81
3211,90,65,22
3212,4,60,92
3213,62,73,77
3214,50,67,98
3215,23,37,7
3216,21,26,48
3217,19,5,77
3218,81,22,59
3219,57,68,82
3220,21,78,41
3221,19,91,56
3222,30,83,37
3223,46,36,96
3224,90,58,84
3225,14,30,14
3226,14,27,95
3227,98,73,8
3228,7,82,36
3229,82,44,90
3230,91,84,88
3231,81,10,7
3232,100,13,16
3233,88,30,27
3234,27,46,9
3235,49,6,33
3236,67,50,44
3237,66,55,27
3238,69,76,76
3239,70,80,32
3240,11,64,55
3241,64,50,10
3242,17,91,64
3243,55,85,73
3244,38,13,6
3245,70,17,23
3246,11,20,57
3247,52,25,84
3248,40,32,3
3249,73,83,43
3250,25,25,34
3251,97,15,100
3252,40,42,73
3253,15,24,8
3254,77,7,83
3255,92,90,21
3256,83,89,59
3257,34,69,5
3258,49,30,73
3259,83,96,20
3260,99,71,38
3261,100,71,40
3262,40,45,22
3263,60,81,6
3264,97,9,100
3265,61,46,8
3266,32,61,30
3267,39,52,30
3268,58,99,6
3269,72,29,76
3270,60,89,2
3271,26,45,4
3272,78,50,95
3273,81,60,9
3274,80,64,32
3275,28,90,72
3276,45,37,12
3277,36,89,37
3278,66,87,4
3279,74,1,67
3280,25,24,8
3281,1,70,22
3282,23,46,28
3283,40,44,44
3284,46,70,47
3285,4,53,69
3286,37,30,8
3287,12,53,1
3288,1,8,53
3289,50,77,12
3290,50,93,51
3291,24,90,34
3292,44,95,25
3293,85,10,75
3294,1,46,28
3295,83,65,32
3296,74,17,27
3297,83,85,92
3298,55,1,41
3299,68,88,66
3300,18,92,11
3301,24,46,80
3302,82,21,46
3303,81,16,2
3304,33,10,39
3305,19,31,78
3306,99,49,58
3307,4,44,35
3308,92,4,15
3309,84,25,63
3310,72,43,4
3311,54,83,5
3312,84,70,98
3313,91,72,37
3314,28,80,1
3315,17,24,25
3316,43,13,69
3317,25,45,18
3318,59,67,68
3319,18,22,39
3320,93,92,28
3321,6,76,69
3322,62,49,29
3323,90,89,93
3324,19,20,20
3325,28,80,63
3326,29,85,45
3327,94,33,37
3328,83,54,38
3329,71,65,23
3330,44,26,25
3331,94,39,58
3332,83,45,31
3333,47,57,90
3334,65,89,48
3335,62,3,54
3336,10,99,27
3337,72,100,7
3338,53,24,12
3339,84,39,53
3340,82,74,88
3341,36,53,35
3342,82,61,55
3343,25,91,37
3344,51,12,12
3345,63,53,29
3346,33,18,88
3347,73,17,67
3348,56,48,51
3349,38,16,37
3350,66,21,30
3351,40,61,18
3352,82,53,37
3353,74,90,56
3354,12,89,57
3355,22,66,29
3356,50,44,54
3357,5,14,98
3358,15,53,3
3359,51,7,17
3360,24,65,100
3361,16,69,23
3362,74,38,91
3363,72,7,12
3364,52,38,40
3365,5,6,97
3366,81,37,57
3367,10,90,61
3368,95,55,91
3369,61,89,74
3370,50,62,72
3371,38,8,6
3372,76,67,27
3373,74,36,26
3374,6,93,46
3375,81,65,4
3376,100,7,61
3377,52,58,52
3378,68,4,13
3379,100,93,18
3380,79,79,4
3381,18,1,9
3382,59,54,3
3383,16,93,1
3384,67,2,93
3385,97,95,34
3386,3,4,33
3387,7,41,69
3388,86,93,58
3389,95,69,99
3390,2,63,13
3391,66,70,4
3392,1,4,79
3393,21,66,26
3394,80,54,81
3395,1,70,83
3396,55,15,36
3397,30,8,76
3398,100,70,26
3399,56,64,8
3400,62,2,38
3401,81,16,5
3402,84,53,68
3403,50,57,81
3404,77,74,67
3405,35,100,69
3406,20,10,28
3407,87,3,7
3408,70,38,69
3409,94,60,24
3410,2,41,80
3411,94,84,44
3412,51,76,95
3413,63,88,77
3414,16,68,6
3415,74,84,79
3416,86,48,40
3417,18,16,11
3418,73,81,78
3419,11,56,39
3420,38,11,2
3421,47,36,98
3422,19,85,64
3423,77,84,50
3424,42,55,51
3425,63,19,33
3426,42,43,17
3427,54,87,2
3428,55,14,53
3429,51,21,99
3430,69,82,23
3431,62,12,33
3432,26,67,97
3433,83,67,85
3434,24,81,64
3435,44,48,97
3436,24,21,27
3437,26,86,71
3438,39,37,75
3439,14,8,49
3440,46,26,71
3441,46,13,44
3442,9,12,37
3443,45,92,25
3444,57,76,5
3445,100,39,39
3446,11,45,17
3447,19,83,75
3448,22,52,92
3449,8,19,20
3450,67,58,26
3451,65,21,20
3452,97,36,17
3453,96,63,21
3454,93,86,19
3455,77,30,5
3456,30,2,21
3457,53,15,33
3458,21,34,8
3459,58,81,30
3460,82,28,14
3461,73,75,69
3462,26,63,89
3463,96,37,43
3464,48,61,74
3465,16,43,46
3466,2,29,32
3467,51,3,2
3468,32,11,30
3469,8,29,52
3470,18,83,20
3471,6,18,13
3472,2,76,30
3473,67,74,11
3474,89,1,96
3475,8,60,13
3476,12,35,73
3477,17,38,95
3478,66,25,28
3479,43,36,24
3480,41,84,72
3481,97,28,84
3482,1,99,93
3483,68,68,4
3484,20,2,71
3485,62,69,22
3486,68,68,25
3487,79,71,26
3488,92,11,32
3489,72,19,73
3490,32,47,6
3491,12,64,82
3492,31,52,46
3493,82,70,81
3494,22,72,3
3495,73,88,68
3496,88,8,40
3497,58,11,71
3498,75,50,27
3499,10,13,45
3500,51,62,69
3501,42,2,92
3502,16,90,67
3503,45,95,8
3504,49,64,95
3505,9,80,83
3506,62,79,15
3507,72,53,70
3508,72,43,76
3509,13,58,47
3510,38,86,42
3511,21,98,28
3512,99,40,10
3513,11,82,89
3514,53,37,5
3515,6,29,48
3516,73,41,44
3517,35,53,50
3518,24,27,9
3519,78,93,59
3520,9,78,96
3521,81,93,33
3522,76,23,21
3523,29,16,82
3524,82,54,27
3525,97,5,25
3526,24,88,34
3527,49,55,4
3528,19,47,74
3529,98,31,34
3530,93,47,67
3531,96,25,80
3532,93,74,15
3533,5,4,11
3534,78,47,91
3535,84,24,31
3536,58,94,35
3537,37,58,24
3538,27,77,12
3539,80,16,68
3540,23,84,50
3541,91,75,40
3542,66,26,4
3543,84,14,98
3544,58,99,10
3545,86,38,85
3546,23,35,9
3547,46,94,72
3548,61,3,14
3549,78,91,25
3550,20,50,16
3551,42,95,32
3552,74,31,67
3553,15,20,100
3554,35,90,47
3555,99,43,31
3556,24,76,20
3557,26,39,80
3558,3,84,44
3559,58,17,22
3560,7,50,34
3561,10,89,15
3562,61,12,16
3563,64,39,24
3564,69,61,51
3565,71,42,95
3566,92,95,98
3567,73,26,66
3568,50,15,50
3569,31,67,51
3570,17,6,16
3571,82,28,85
3572,23,31,27
3573,77,34,86
3574,62,41,49
3575,82,76,35
3576,37,18,46
3577,97,86,28
3578,41,94,40
3579,10,94,80
3580,71,45,42
3581,58,96,23
3582,19,45,82
3583,84,20,93
3584,17,64,95
3585,9,75,4
3586,75,41,22
3587,82,30,24
3588,58,94,7
3589,99,66,84
3590,34,4,33
3591,15,21,21
3592,90,86,51
3593,25,22,24
3594,11,71,6
3595,72,44,66
3596,31,56,67
3597,57,24,4
3598,3,70,86
3599,64,96,100
3600,58,43,22
3601,36,96,44
3602,42,38,35
3603,79,80,53
3604,42,36,11
3605,54,20,79
3606,89,76,13
3607,32,4,51
3608,26,38,2
3609,70,20,32
3610,26,42,98
3611,16,43,100
3612,4,71,39
3613,36,67,7
3614,100,76,91
3615,82,76,80
3616,72,58,63
3617,17,25,79
3618,38,46,57
3619,65,21,96
3620,4,44,99
3621,60,99,66
3622,73,93,12
3623,60,9,58
3624,68,92,7
3625,100,29,89
3626,37,3,93
3627,47,29,36
3628,79,83,73
3629,97,94,16
3630,26,83,42
3631,78,96,73
3632,30,67,52
3633,90,45,63
3634,19,55,8
3635,99,47,7
3636,41,42,83
3637,72,98,18
3638,4,44,3
3639,7,21,44
3640,27,70,5
3641,20,67,86
3642,42,16,67
3643,8,5,60
3644,53,30,14
3645,19,97,22
3646,69,25,60
3647,39,6,97
3648,94,50,10
3649,18,77,17
3650,11,49,13
3651,21,76,97
3652,47,97,25
3653,48,28,64
3654,78,40,28
3655,9,18,58
3656,36,25,34
3657,78,86,12
3658,16,66,80
3659,20,40,80
3660,77,67,77
3661,59,90,76
3662,61,26,54
3663,6,42,49
3664,31,73,75
3665,62,43,11
3666,19,85,77
3667,42,57,87
3668,2,74,77
3669,15,62,88
3670,62,88,65
3671,62,96,2
3672,37,8,60
3673,82,38,25
3674,2,91,40
3675,2,19,61
3676,2,16,8
3677,86,80,53
3678,46,40,83
3679,44,53,7
3680,78,55,61
3681,17,69,53
3682,98,4,25
3683,53,86,36
3684,88,81,86
3685,52,69,35
3686,34,97,96
3687,86,28,1
3688,78,40,20
3689,93,46,49
3690,63,52,16
3691,73,93,40
3692,6,44,64
3693,25,95,88
3694,44,62,9
3695,51,57,79
3696,36,56,78
3697,76,6,37
3698,7,77,26
3699,19,47,24
3700,77,45,81
3701,70,93,45
3702,2,24,7
3703,99,87,66
3704,84,44,56
3705,66,4,23
3706,57,28,91
3707,49,32,29
3708,7,70,91
3709,90,29,86
3710,60,67,13
3711,67,24,99
3712,60,33,98
3713,86,32,25
3714,84,18,100
3715,22,67,1
3716,66,90,27
3717,23,63,34
3718,35,33,84
3719,68,49,47
3720,51,59,24
3721,86,92,60
3722,79,40,95
3723,5,94,13
3724,56,42,7
3725,65,100,21
3726,19,10,19
3727,94,25,14
3728,86,48,16
3729,8,77,4
3730,75,32,25
3731,66,8,61
3732,85,48,98
3733,1,96,60
3734,35,31,82
3735,73,69,79
3736,31,41,10
3737,60,49,55
3738,8,69,74
3739,25,32,5
3740,98,76,77
3741,24,81,12
3742,51,43,34
3743,15,68,63
3744,38,1,67
3745,23,41,77
3746,72,6,56
3747,42,40,7
3748,13,59,44
3749,84,77,40
3750,8,65,63
3751,1,70,59
3752,87,16,30
3753,93,77,91
3754,24,67,49
3755,99,52,88
3756,16,94,15
3757,30,15,5
3758,9,7,96
3759,36,14,74
3760,78,30,65
3761,69,32,21
3762,17,46,74
3763,53,57,76
3764,65,79,55
3765,90,20,22
3766,92,72,63
3767,14,60,9
3768,69,96,87
3769,1,95,93
3770,85,5,99
3771,92,4,5
3772,83,47,77
3773,13,22,46
3774,4,21,6
3775,29,78,45
3776,45,36,9
3777,36,68,64
3778,95,34,87
3779,43,73,19
3780,40,69,54
3781,83,18,17
3782,12,33,86
3783,61,22,81
3784,80,66,1
3785,4,26,30
3786,2,82,82
3787,38,82,17
3788,61,15,78
3789,80,71,42
3790,47,83,23
3791,41,33,84
3792,3,78,9
3793,14,94,38
3794,29,42,80
3795,89,89,29
3796,96,20,19
3797,86,70,60
3798,43,51,94
3799,10,26,16
3800,10,20,35
3801,29,71,46
3802,64,25,88
3803,71,46,74
3804,68,71,25
3805,53,33,94
3806,14,55,40
3807,40,97,29
3808,63,17,81
3809,30,4,38
3810,9,19,6
3811,87,84,13
3812,67,29,23
3813,21,54,93
3814,85,43,53
3815,61,81,71
3816,95,29,5
3817,64,89,46
3818,96,94,64
3819,38,5,35
3820,35,26,69
3821,89,51,16
3822,51,88,82
3823,63,46,80
3824,41,92,30
3825,23,18,37
3826,87,56,43
3827,39,66,69
3828,28,34,69
3829,91,100,90
3830,34,93,25
3831,45,16,49
3832,20,29,93
3833,81,86,59
3834,13,35,15
3835,95,28,94
3836,57,3,72
3837,75,20,98
3838,4,24,61
3839,98,23,13
3840,44,90,58
3841,37,51,78
3842,82,72,29
3843,94,1,15
3844,33,88,65
3845,16,77,19
3846,45,19,1
3847,72,62,13
3848,33,81,37
3849,79,45,88
3850,73,71,100
3851,99,69,35
3852,34,26,87
3853,9,16,83
3854,2,32,38
3855,69,67,54
3856,66,16,43
3857,8,96,48
3858,86,49,69
3859,15,94,14
3860,89,10,54
3861,37,50,81
3862,16,63,13
3863,67,67,81
3864,71,75,47
3865,80,76,18
3866,71,88,70
3867,52,77,85
3868,65,83,99
3869,43,55,92
3870,45,27,7
3871,31,15,10
3872,87,43,43
3873,98,80,61
3874,61,81,19
3875,22,61,27
3876,4,36,42
3877,48,21,38
3878,76,87,16
3879,88,21,53
3880,82,29,65
3881,6,99,45
3882,5,16,79
3883,61,38,89
3884,89,19,81
3885,6,4,86
3886,14,25,71
3887,1,20,73
3888,36,52,68
3889,47,9,94
3890,100,26,10
3891,72,84,80
3892,38,94,86
3893,71,46,100
3894,42,15,58
3895,68,89,97
3896,20,21,16
3897,9,95,59
3898,32,81,8
3899,22,18,47
3900,95,89,67
3901,95,47,82
3902,65,19,95
3903,75,1,97
3904,9,19,100
3905,38,13,99
3906,22,32,34
3907,57,42,3
3908,82,71,34
3909,97,4,20
3910,65,83,79
3911,36,95,58
3912,7,3,19
3913,65,46,25
3914,86,17,8
3915,98,64,48
3916,8,53,77
3917,57,59,96
3918,85,73,17
3919,49,77,10
3920,86,5,34
3921,81,32,96
3922,2,72,22
3923,55,54,37
3924,60,63,85
3925,48,24,21
3926,27,49,82
3927,69,55,25
3928,18,89,99
3929,97,68,36
3930,67,85,23
3931,9,44,52
3932,19,43,14
3933,53,30,100
3934,16,33,10
3935,60,37,67
3936,6,50,69
3937,26,13,85
3938,77,33,48
3939,44,12,11
3940,75,57,7
3941,66,27,5
3942,91,72,27
3943,70,68,59
3944,92,67,13
3945,68,65,3
3946,67,72,87
3947,67,7,31
3948,6,15,59
3949,6,91,87
3950,49,53,40
3951,72,52,45
3952,62,26,91
3953,59,65,41
3954,45,26,45
3955,28,39,54
3956,24,6,100
3957,79,4,29
3958,80,15,55
3959,91,36,88
3960,72,99,60
3961,97,10,6
3962,54,42,4
3963,67,78,96
3964,62,51,47
3965,7,10,77
3966,93,84,12
3967,6,34,48
3968,59,81,19
3969,35,13,4
3970,50,52,85
3971,52,53,91
3972,80,30,78
3973,70,74,18
3974,41,71,88
3975,36,31,58
3976,45,56,1
3977,26,75,51
3978,71,78,49
3979,56,22,53
3980,36,95,31
3981,32,50,60
3982,47,32,22
3983,58,46,7
3984,42,17,18
3985,94,9,6
3986,4,94,61
3987,96,19,83
3988,71,65,17
3989,94,7,29
3990,48,84,19
3991,24,67,44
3992,70,71,83
3993,24,26,30
3994,4,18,94
3995,49,42,15
3996,27,85,16
3997,96,24,3
3998,5,5,42
3999,6,4,96
4000,61,72,17
4001,24,90,62
4002,11,31,81
4003,14,29,1
4004,22,11,90
4005,73,92,81
4006,16,21,26
4007,70,82,13
4008,22,91,64
4009,69,46,51
4010,48,46,17
4011,71,27,35
4012,93,88,62
4013,8,97,49
4014,60,43,6
4015,61,58,81
4016,95,9,45
4017,27,9,34
4018,63,61,42
4019,84,29,46
4020,27,60,97
4021,61,5,91
4022,41,65,77
4023,94,99,16
4024,41,60,36
4025,21,33,33
4026,68,75,31
4027,76,95,76
4028,52,51,4
4029,9,75,53
4030,80,53,33
4031,90,95,80
4032,45,19,47
4033,86,14,85
4034,77,35,72
4035,18,8,60
4036,5,34,40
4037,4,22,2
4038,6,3,47
4039,67,52,83
4040,38,43,34
4041,59,96,49
4042,36,26,51
4043,2,9,68
4044,78,18,65
4045,21,93,85
4046,49,66,62
4047,40,62,44
4048,84,90,46
4049,83,100,86
4050,81,51,55
4051,10,1,57
4052,9,83,68
4053,54,40,17
4054,37,32,33
4055,11,91,75
4056,74,67,27
4057,24,66,5
4058,66,26,65
4059,20,29,44
4060,67,42,65
4061,36,7,68
4062,96,16,94
4063,84,39,63
4064,70,39,71
4065,73,22,5
4066,22,40,16
4067,22,62,79
4068,2,15,8
4069,10,79,20
4070,8,20,44
4071,98,50,35
4072,90,34,62
4073,18,13,64
4074,81,63,23
4075,17,80,93
4076,81,81,57
4077,87,34,19
4078,37,10,42
4079,83,19,89
4080,77,85,6
4081,70,3,14
4082,24,86,88
4083,14,5,26
4084,84,45,82
4085,77,84,46
4086,80,45,54
4087,44,16,14
4088,9,24,93
4089,72,39,20
4090,33,73,81
4091,18,25,11
4092,81,40,71
4093,90,34,37
4094,42,34,95
4095,39,46,99
4096,20,99,56
4097,38,34,100
4098,68,50,22
4099,61,87,70
4100,95,48,74
4101,80,33,85
4102,55,86,88
4103,29,34,17
4104,14,57,100
4105,33,11,67
4106,67,100,74
4107,41,72,86
4108,71,8,1
4109,53,64,37
4110,23,74,74
4111,4,65,68
4112,45,28,9
4113,30,40,89
4114,29,36,25
4115,58,65,68
4116,68,46,3
4117,39,22,39
4118,81,28,9
4119,73,7,46
4120,29,88,20
4121,8,95,22
4122,60,28,31
4123,40,46,26
4124,77,80,89
4125,55,21,41
4126,85,5,29
4127,79,77,62
4128,16,31,55
4129,9,83,28
4130,79,46,5
4131,25,12,51
4132,70,83,43
4133,56,15,52
4134,79,45,79
4135,5,48,8
4136,35,17,45
4137,1,4,25
4138,20,95,64
4139,81,61,15
4140,7,50,6
4141,86,27,63
4142,58,74,36
4143,13,54,63
4144,45,55,68
4145,24,50,12
4146,16,45,21
4147,12,19,56
4148,74,94,84
4149,31,31,81
4150,100,80,51
4151,15,65,54
4152,17,8,21
4153,25,42,84
4154,66,6,28
4155,61,30,27
4156,98,30,19
4157,93,74,3
4158,57,37,21
4159,58,84,83
4160,100,71,28
4161,27,83,71
4162,51,14,39
4163,11,67,2
4164,88,37,52
4165,12,51,19
4166,58,60,10
4167,34,88,69
4168,43,50,1
4169,80,4,47
4170,81,99,60
4171,47,54,81
4172,35,4,33
4173,57,37,49
4174,55,72,17
4175,59,62,52
4176,42,84,75
4177,11,91,71
4178,31,5,86
4179,33,89,56
4180,1,77,39
4181,61,20,79
4182,62,39,50
4183,87,77,81
4184,45,39,37
4185,26,19,58
4186,72,95,2
4187,64,86,17
4188,73,44,31
4189,22,50,80
4190,27,40,11
4191,41,76,51
4192,91,72,51
4193,30,55,34
4194,64,5,42
4195,15,15,16
4196,61,71,87
4197,47,46,100
4198,86,3,28
4199,71,49,69
4200,9,20,40
4201,85,42,87
4202,73,8,93
4203,2,25,95
4204,30,9,13
4205,34,54,87
4206,95,61,45
4207,73,59,51
4208,12,82,10
4209,23,88,95
4210,8,78,98
4211,80,19,47
4212,31,98,68
4213,23,50,46
4214,88,56,47
4215,86,52,15
4216,15,51,34
4217,44,38,67
4218,48,55,58
4219,78,56,38
4220,77,68,35
4221,77,5,27
4222,59,99,78
4223,92,53,37
4224,39,77,56
4225,7,57,49
4226,17,37,56
4227,75,32,93
4228,2,11,18
4229,21,44,69
4230,58,73,99
4231,29,71,35
4232,97,52,27
4233,35,17,10
4234,64,13,31
4235,53,82,40
4236,73,16,50
4237,75,59,32
4238,43,12,1
4239,72,7,57
4240,36,75,67
4241,77,95,16
4242,2,40,74
4243,3,80,65
4244,81,46,17
4245,90,53,83
4246,56,82,26
4247,20,89,47
4248,32,93,86
4249,2,78,19
4250,89,81,65
4251,88,35,26
4252,25,58,6
4253,31,50,67
4254,49,41,67
4255,64,73,56
4256,25,92,41
4257,66,30,11
4258,69,6,16
4259,56,9,55
4260,20,15,53
4261,61,85,25
4262,57,71,53
4263,49,42,63
4264,59,21,6
4265,39,74,98
4266,26,12,72
4267,98,58,74
4268,99,23,77
4269,24,63,44
4270,43,82,7
4271,82,55,20
4272,1,7,81
4273,36,79,20
4274,59,89,92
4275,77,84,77
4276,100,62,97
4277,52,40,99
4278,37,83,10
4279,84,40,35
4280,66,84,38
4281,99,38,15
4282,55,46,91
4283,73,36,81
4284,64,16,44
4285,40,54,8
4286,83,58,94
4287,79,68,16
4288,74,44,31
4289,90,69,23
4290,81,94,22
4291,68,11,14
4292,45,41,94
4293,51,35,33
4294,44,55,89
4295,69,95,13
4296,65,28,16
4297,60,38,63
4298,91,22,98
4299,4,1,60
4300,31,34,21
4301,81,49,46
4302,21,80,67
4303,10,100,36
4304,45,6,44
4305,91,2,71
4306,12,75,18
4307,2,92,96
4308,96,48,45
4309,31,80,30
4310,90,54,70
4311,44,28,42
4312,51,7,68
4313,9,96,77
4314,97,89,2
4315,47,75,22
4316,45,77,24
4317,26,89,4
4318,6,99,45
4319,25,82,30
4320,55,31,4
4321,78,44,42
4322,63,73,45
4323,34,2,74
4324,62,2,63
4325,68,20,91
4326,87,68,82
4327,8,62,55
4328,74,98,42
4329,9,61,51
4330,20,62,73
4331,22,61,82
4332,56,66,40
4333,80,45,66
4334,82,3,61
4335,88,68,53
4336,83,39,47
4337,9,33,10
4338,23,6,37
4339,65,34,63
4340,3,31,68
4341,51,71,22
4342,60,8,23
4343,38,34,14
4344,60,27,30
4345,2,18,93
4346,69,87,18
4347,11,50,76
4348,10,95,92
4349,68,49,10
4350,37,40,20
4351,55,81,52
4352,95,22,18
4353,1,56,83
4354,52,83,27
4355,35,69,70
4356,13,69,53
4357,85,32,18
4358,36,70,30
4359,9,82,27
4360,39,10,3
4361,3,36,40
4362,48,17,57
4363,44,72,81
4364,30,80,76
4365,48,67,6
4366,79,4,100
4367,85,61,26
4368,46,50,8
4369,44,89,9
4370,3,83,69
4371,35,30,70
4372,61,1,32
4373,17,49,95
4374,49,95,91
4375,16,6,54
4376,14,71,34
4377,66,39,12
4378,79,93,31
4379,94,85,53
4380,28,93,68
4381,83,55,52
4382,90,6,24
4383,44,50,46
4384,26,58,86
4385,5,13,45
4386,48,88,85
4387,79,14,43
4388,52,2,99
4389,67,47,68
4390,94,43,56
4391,48,51,21
4392,58,50,83
4393,81,45,82
4394,58,25,34
4395,53,36,100
4396,26,68,10
4397,81,23,17
4398,24,10,75
4399,97,34,63
4400,59,77,82
4401,3,77,70
4402,75,54,17
4403,41,66,59
4404,97,73,51
4405,67,87,65
4406,1,27,54
4407,25,53,92
4408,93,3,43
4409,59,90,22
4410,22,21,15
4411,45,64,85
4412,27,65,53
4413,46,97,3
4414,83,43,67
4415,70,98,99
4416,74,52,93
4417,29,9,92
4418,86,75,74
4419,46,63,98
4420,9,83,32
4421,27,80,3
4422,100,87,46
4423,21,6,80
4424,78,67,51
4425,81,48,30
4426,100,26,45
4427,50,68,86
4428,62,99,66
4429,85,82,43
4430,71,67,44
4431,16,10,33
4432,32,63,13
4433,21,41,43
4434,86,60,32
4435,2,87,25
4436,34,61,95
4437,79,96,41
4438,73,93,73
4439,94,28,61
4440,77,15,6
4441,23,32,53
4442,98,58,50
4443,13,52,34
4444,40,29,41
4445,49,62,51
4446,97,50,97
4447,29,64,12
4448,100,2,100
4449,79,91,45
4450,90,77,82
4451,51,27,20
4452,80,39,27
4453,56,33,95
4454,55,11,36
4455,45,36,32
4456,85,1,42
4457,80,31,65
4458,60,44,61
4459,52,94,7
4460,81,4,8
4461,82,16,80
4462,99,39,90
4463,64,80,94
4464,56,26,57
4465,15,62,48
4466,100,63,96
4467,70,42,36
4468,62,54,95
4469,5,17,26
4470,24,10,18
4471,20,95,69
4472,32,92,48
4473,54,24,31
4474,43,6,91
4475,79,99,49
4476,21,29,83
4477,83,20,31
4478,96,8,72
4479,66,83,79
4480,12,45,82
4481,25,30,29
4482,59,61,62
4483,46,60,75
4484,1,17,97
4485,32,24,12
4486,30,3,88
4487,58,83,37
4488,99,28,42
4489,4,50,35
4490,19,89,82
4491,86,24,21
4492,95,82,17
4493,32,41,95
4494,31,44,75
4495,56,71,98
4496,100,10,41
4497,98,91,22
4498,34,29,9
4499,74,65,12
4500,78,79,8
4501,4,93,50
4502,95,4,25
4503,12,22,51
4504,16,8,88
4505,18,13,44
4506,14,49,74
4507,74,97,31
4508,27,77,59
4509,64,51,43
4510,14,30,12
4511,45,99,65
4512,10,60,82
4513,46,50,51
4514,81,19,45
4515,94,43,68
4516,47,2,90
4517,37,73,70
4518,39,55,34
4519,49,36,90
4520,94,62,84
4521,24,14,33
4522,54,62,63
4523,31,92,70
4524,100,48,76
4525,72,52,29
4526,82,13,87
4527,69,92,81
4528,29,75,43
4529,82,53,18
4530,87,72,76
4531,71,59,49
4532,100,17,24
4533,99,19,93
4534,7,33,68
4535,69,79,76
4536,68,20,39
4537,96,86,33
4538,89,52,66
4539,92,48,61
4540,62,1,94
4541,32,41,76
4542,51,15,86
4543,77,46,80
4544,37,14,4
4545,79,73,74
4546,36,27,38
4547,77,50,92
4548,81,68,48
4549,7,80,29
4550,18,50,9
4551,85,61,82
4552,61,100,96
4553,66,3,97
4554,53,21,65
4555,60,86,41
4556,29,55,13
4557,35,78,92
4558,66,56,38
4559,10,78,13
4560,97,1,50
4561,12,59,10
4562,90,10,73
4563,7,36,49
4564,44,3,41
4565,18,84,15
4566,87,1,64
4567,2,43,76
4568,100,88,82
4569,73,97,79
4570,16,68,7
4571,35,45,1
4572,4,68,6
4573,6,4,56
4574,21,69,17
4575,91,78,96
4576,13,28,75
4577,92,74,66
4578,27,88,61
4579,75,2,79
4580,88,29,90
4581,68,74,23
4582,46,40,100
4583,46,49,2
4584,60,35,73
4585,26,20,8
4586,65,84,10
4587,56,23,76
4588,45,74,38
4589,2,84,59
4590,76,57,61
4591,10,96,22
4592,92,82,64
4593,17,47,39
4594,2,63,66
4595,77,15,75
4596,22,23,45
4597,28,47,28
4598,68,25,58
4599,15,33,34
4600,80,80,81
4601,36,29,98
4602,87,29,76
4603,17,67,88
4604,78,4,52
4605,74,95,30
4606,24,35,27
4607,46,11,13
4608,43,57,59
4609,66,51,75
4610,33,14,27
4611,13,23,25
4612,8,72,15
4613,33,76,64
4614,30,44,19
4615,79,55,92
4616,59,81,5
4617,87,77,9
4618,95,27,100
4619,82,61,91
4620,70,10,4
4621,100,57,94
4622,55,14,83
4623,4,34,37
4624,40,49,28
4625,55,36,78
4626,87,2,69
4627,87,29,18
4628,55,90,47
4629,37,100,94
4630,18,54,93
4631,31,3,47
4632,44,53,23
4633,25,81,98
4634,25,62,2
4635,24,83,75
4636,88,80,59
4637,59,34,88
4638,87,65,50
4639,56,24,38
4640,71,40,24
4641,63,33,43
4642,65,62,81
4643,22,14,3
4644,76,89,31
4645,37,66,43
4646,4,61,45
4647,21,74,85
4648,37,79,89
4649,26,6,77
4650,70,60,63
4651,50,57,52
4652,27,11,100
4653,87,63,79
4654,53,27,74
4655,30,52,59
4656,50,76,75
4657,67,53,43
4658,78,34,84
4659,75,61,76
4660,44,94,29
4661,36,10,2
4662,28,10,11
4663,87,3,36
4664,99,84,55
4665,72,97,1
4666,83,87,22
4667,18,24,20
4668,81,10,35
4669,29,76,35
4670,5,75,70
4671,50,21,36
4672,49,84,21
4673,19,79,81
4674,66,91,10
4675,50,93,81
4676,50,74,87
4677,47,37,13
4678,39,29,7
4679,29,5,26
4680,96,16,79
4681,83,41,23
4682,93,7,76
4683,95,57,54
4684,16,52,24
4685,42,6,45
4686,87,86,61
4687,68,50,77
4688,69,70,8
4689,23,1,74
4690,45,5,15
4691,83,48,68
4692,43,77,27
4693,71,65,71
4694,89,11,18
4695,54,16,84
4696,66,96,35
4697,50,34,99
4698,66,81,74
4699,94,90,37
4700,59,92,72
4701,78,10,40
4702,65,48,84
4703,8,4,57
4704,36,90,49
4705,30,6,77
4706,98,46,79
4707,92,25,44
4708,93,12,71
4709,90,22,52
4710,4,69,57
4711,7,69,82
4712,81,77,72
4713,98,57,71
4714,95,22,49
4715,94,21,53
4716,10,75,94
4717,60,66,91
4718,84,34,36
4719,72,26,30
4720,98,37,18
4721,54,28,11
4722,83,17,59
4723,22,27,24
4724,36,18,32
4725,1,92,40
4726,42,2,98
4727,52,10,92
4728,41,7,74
4729,62,22,10
4730,6,41,59
4731,50,29,39
4732,53,92,4
4733,44,7,37
4734,37,32,13
4735,62,80,95
4736,89,55,52
4737,15,18,74
4738,76,52,100
4739,57,100,97
4740,84,9,73
4741,20,98,35
4742,54,2,22
4743,46,39,43
4744,54,73,49
4745,28,75,86
4746,68,7,13
4747,99,71,42
4748,7,60,43
4749,15,95,50
4750,52,45,46
4751,53,50,58
4752,47,2,60
4753,45,89,91
4754,14,49,76
4755,70,84,71
4756,96,62,8
4757,63,93,45
4758,61,84,71
4759,8,63,11
4760,91,12,24
4761,86,53,63
4762,56,8,7
4763,90,36,60
4764,84,10,52
4765,60,48,60
4766,45,72,32
4767,84,74,44
4768,71,32,4
4769,94,52,20
4770,2,37,96
4771,52,3,21
4772,81,16,71
4773,59,40,66
4774,11,11,27
4775,83,24,53
4776,18,70,62
4777,76,79,18
4778,13,39,55
4779,39,35,89
4780,26,94,26
4781,36,62,20
4782,73,12,93
4783,95,40,70
4784,34,44,89
4785,26,13,93
4786,61,13,66
4787,81,22,20
4788,56,6,8
4789,39,98,13
4790,26,86,11
4791,83,25,52
4792,17,38,96
4793,40,62,24
4794,53,89,30
4795,82,31,97
4796,2,74,98
4797,54,56,56
4798,47,5,84
4799,28,64,26
4800,75,44,95
4801,41,1,95
4802,59,53,52
4803,78,37,70
4804,89,54,60
4805,95,54,64
4806,95,96,84
4807,57,9,11
4808,3,28,30
4809,27,8,56
4810,15,60,29
4811,74,16,21
4812,86,89,63
4813,87,99,79
4814,86,77,44
4815,87,37,87
4816,24,63,57
4817,72,83,26
4818,86,88,18
4819,83,81,18
4820,66,13,89
4821,34,14,19
4822,93,36,17
4823,48,79,18
4824,77,75,4
4825,22,51,83
4826,94,84,99
4827,57,39,20
4828,66,81,90
4829,1,72,64
4830,67,63,86
4831,97,93,80
4832,4,97,7
4833,99,19,41
4834,34,76,45
4835,50,88,58
4836,66,45,67
4837,92,7,89
4838,44,7,56
4839,46,34,36
4840,62,4,70
4841,22,13,63
4842,92,81,24
4843,66,86,13
4844,44,56,16
4845,31,27,7
4846,96,52,27
4847,25,16,76
4848,25,67,24
4849,32,12,33
4850,79,96,19
4851,3,80,67
4852,61,84,6
4853,21,60,54
4854,77,62,100
4855,92,56,6
4856,77,39,59
4857,57,64,50
4858,64,56,83
4859,51,5,35
4860,51,42,87
4861,59,74,75
4862,32,52,47
4863,34,23,76
4864,96,12,35
4865,38,1,25
4866,26,85,97
4867,66,91,45
4868,23,67,77
4869,93,69,70
4870,30,9,43
4871,22,40,22
4872,45,95,21
4873,75,12,28
4874,60,79,66
4875,72,53,97
4876,28,98,63
4877,17,72,74
4878,12,99,46
4879,100,22,61
4880,69,17,84
4881,46,89,43
4882,82,92,38
4883,4,69,81
4884,74,2,34
4885,38,99,31
4886,85,80,35
4887,54,10,27
4888,87,40,81
4889,57,11,99
4890,25,48,88
4891,17,16,48
4892,30,90,32
4893,76,31,5
4894,63,65,38
4895,10,58,15
4896,75,89,6
4897,40,35,54
4898,65,35,1
4899,95,43,38
4900,43,8,18
4901,12,13,31
4902,39,28,85
4903,55,88,29
4904,35,19,54
4905,22,55,15
4906,53,84,29
4907,16,23,57
4908,7,77,90
4909,19,59,27
4910,76,99,85
4911,25,41,53
4912,44,85,90
4913,70,33,10
4914,33,80,12
4915,63,74,59
4916,4,43,56
4917,81,89,78
4918,1,38,10
4919,45,56,91
4920,72,20,11
4921,39,54,67
4922,96,93,91
4923,53,7,37
4924,100,65,80
4925,8,47,71
4926,46,90,87
4927,37,9,43
4928,52,26,11
4929,46,70,90
4930,13,8,82
4931,57,71,73
4932,81,14,64
4933,35,100,49
4934,11,60,23
4935,30,84,86
4936,46,20,23
4937,31,93,37
4938,91,78,14
4939,6,99,99
4940,24,90,28
4941,28,31,80
4942,71,13,84
4943,97,42,23
4944,12,33,16
4945,78,41,10
4946,72,87,45
4947,76,61,65
4948,39,78,89
4949,59,52,76
4950,81,41,13
4951,25,33,84
4952,1,1,54
4953,84,4,55
4954,39,54,86
4955,100,30,25
4956,43,27,100
4957,14,2,16
4958,8,27,70
4959,57,66,83
4960,60,25,68
4961,19,37,41
4962,91,17,16
4963,35,24,73
4964,40,64,26
4965,98,9,46
4966,13,19,60
4967,20,42,12
4968,18,94,67
4969,68,56,38
4970,96,8,87
4971,41,25,4
4972,32,22,64
4973,19,26,7
4974,74,81,70
4975,44,84,31
4976,95,26,24
4977,65,19,94
4978,26,38,64
4979,32,14,37
4980,84,96,34
4981,61,88,88
4982,56,42,68
4983,17,17,36
4984,10,9,39
4985,99,66,72
4986,45,29,21
4987,4,60,54
4988,69,58,78
4989,94,58,88
4990,44,82,49
4991,86,22,81
4992,72,40,19
4993,4,84,31
4994,68,6,24
4995,24,2,70
4996,17,83,97
4997,4,51,27
4998,5,1,42
4999,59,91,4
5000,52,81,21